s 902.8 1092.7 0.1
g 960 960 0 1200 1200 0 31140
n 1090 1127.5 1.192093E-07 1092.5 1132.5 1.192093E-07 3
n 1037.5 1127.5 2.384186E-07 1040 1132.5 2.384186E-07 3
n 1090 1112.5 1.192093E-07 1097.5 1127.5 3.33786E-06 3
n 1050 1112.5 1.192093E-07 1080 1132.5 0.5316211 3
n 1032.5 1112.5 1.192093E-07 1040 1127.5 3.218651E-06 3
n 980 1102.5 1.192093E-07 982.5 1132.5 1.192093E-07 3
n 1090 1100 0 1110 1102.5 2.384186E-07 3
n 1080 1100 0 1090 1132.5 0.5319608 3
n 1025 1095 0 1032.5 1102.5 2.384186E-07 2
n 1027.5 1092.5 1.192093E-07 1032.5 1095 2.384186E-07 2
n 1025 1087.5 2.384186E-07 1027.5 1095 2.384186E-07 2
n 980 1085 0 1012.5 1102.5 1.611592 3
n 997.5 1082.5 0.9681312 1012.5 1085 1.557481 3
n 1025 1080 0 1032.5 1087.5 2.384186E-07 2
n 1022.5 1080 1.192093E-07 1025 1102.5 1.192093E-07 2
n 1027.5 1077.5 1.192093E-07 1032.5 1080 2.384186E-07 2
n 1127.5 1075 0.6305248 1130 1087.5 0.6305264 3
n 1110 1075 0 1117.5 1102.5 2.384186E-07 3
n 1032.5 1072.5 1.192093E-07 1035 1102.5 0.3491064 3
n 1022.5 1072.5 0 1027.5 1080 2.384186E-07 2
n 980 1072.5 1.192093E-07 982.5 1085 1.192093E-07 3
n 1040 1070 0 1050 1132.5 0.8291543 3
n 1035 1070 0 1040 1102.5 2.384186E-07 3
n 1030 1070 1.192093E-07 1035 1072.5 1.192093E-07 3
n 1110 1065 0 1130 1075 1.046739 3
n 1070 1065 0 1080 1102.5 2.384186E-07 3
n 1112.5 1062.5 2.384186E-07 1117.5 1065 2.384186E-07 3
n 1070 1062.5 2.384186E-07 1072.5 1065 2.384186E-07 3
n 1067.5 1062.5 0 1070 1102.5 2.384186E-07 3
n 1110 1060 0 1112.5 1065 2.384186E-07 3
n 1080 1060 0 1110 1100 2.384186E-07 3
n 1030 1060 0 1050 1070 0.4655533 3
n 980 1060 0 1030 1072.5 2.384186E-07 3
n 960 1060 0 980 1132.5 2.384186E-07 3
n 1090 1057.5 1.192093E-07 1095 1060 1.192093E-07 3
n 962.5 1057.5 1.192093E-07 977.5 1060 1.192093E-07 3
n 1095 1055 0 1112.5 1060 1.192093E-07 3
n 1080 1055 1.192093E-07 1090 1060 2.384186E-07 3
n 1072.5 1055 1.192093E-07 1080 1065 2.384186E-07 3
n 1072.5 1052.5 2.384186E-07 1075 1055 2.384186E-07 2
n 960 1052.5 0 962.5 1060 0 3
n 1095 1050 0 1110 1055 1.192093E-07 2
n 1090 1050 1.192093E-07 1095 1052.5 1.192093E-07 2
n 1075 1050 1.192093E-07 1090 1055 2.384186E-07 2
n 1070 1050 1.192093E-07 1075 1052.5 2.384186E-07 2
n 1110 1047.5 0 1112.5 1055 0 2
n 1050 1045 0 1057.5 1102.5 0.4655533 3
n 1052.5 1042.5 1.192093E-07 1057.5 1045 1.192093E-07 3
n 1130 1040 -0.076738 1147.5 1087.5 0.7677985 3
n 1127.5 1040 0.6305248 1130 1065 0.6305268 3
n 1110 1040 0 1117.5 1047.5 1.192093E-07 2
n 1070 1040 0 1110 1050 2.384186E-07 2
n 1067.5 1040 1.192093E-07 1070 1047.5 1.192093E-07 2
n 1050 1040 1.192093E-07 1052.5 1045 1.192093E-07 3
n 977.5 1040 1.192093E-07 1050 1060 2.384186E-07 3
n 1127.5 1037.5 -0.07386935 1132.5 1040 0.6305249 3
n 1067.5 1037.5 0 1117.5 1040 2.384186E-07 2
n 977.5 1037.5 1.192093E-07 1052.5 1040 2.384186E-07 3
n 1132.5 1022.5 -0.07387173 1135 1040 0.6046879 3
n 1135 1020 -0.07387185 1147.5 1040 0.7677987 3
n 1117.5 1020 1.192093E-07 1135 1022.5 1.192093E-07 3
n 1110 1020 0 1117.5 1027.5 2.384186E-07 3
n 1110 1010 0 1147.5 1020 1.192093E-07 3
n 1080 1010 0 1110 1027.5 7.152557E-07 3
n 1032.5 1010 -0.5960984 1060 1027.5 0.8270187 3
n 1142.5 1007.5 0 1147.5 1010 0 3
n 1032.5 1007.5 0.2541686 1037.5 1010 0.2541686 3
n 1080 1005 0 1142.5 1010 2.384186E-07 3
n 1060 1005 1.192093E-07 1070 1027.5 0.91508 3
n 1092.5 1002.5 1.192093E-07 1142.5 1005 1.192093E-07 3
n 1037.5 1002.5 -0.5960984 1060 1010 0.8270174 3
n 1080 990 0 1132.5 992.5 1.192093E-07 3
n 1070 990 0 1080 1027.5 0.915081 3
n 1060 990 1.192093E-07 1070 992.5 1.192093E-07 3
n 1060 960 -1.192093E-07 1132.5 990 1.072884E-06 3
n 1052.5 960 0 1060 992.5 1.192093E-07 3
g 720 960 0 960 1200 0 73987
n 957.5 1127.5 0 960 1130 0 3
n 940 1127.5 0 942.5 1132.5 0 3
n 927.5 1127.5 0 930 1132.5 0 3
n 910 1127.5 0 912.5 1132.5 0 3
n 897.5 1127.5 0 900 1132.5 0 3
n 940 1120 0 960 1127.5 5.960464E-08 3
n 930 1120 0 940 1132.5 1.019239E-05 3
n 910 1120 0 930 1127.5 5.960464E-08 3
n 900 1120 0 910 1132.5 1.019239E-05 3
n 892.5 1100 0 900 1127.5 5.960464E-08 3
n 897.5 1085 0 900 1100 5.960464E-08 3
n 900 1060 0 960 1120 0.8337076 3
n 895 1060 0 900 1085 5.960464E-08 3
n 925 1057.5 5.960464E-08 957.5 1060 0.6828576 3
n 902.5 1057.5 5.960464E-08 917.5 1060 0.6828535 3
n 895 1057.5 5.960464E-08 897.5 1060 5.960464E-08 3
n 892.5 1057.5 0 895 1085 5.960464E-08 3
n 957.5 1052.5 0 960 1060 5.960464E-08 3
n 897.5 1052.5 0 902.5 1060 5.960464E-08 3
n 917.5 1042.5 0 925 1060 0.6828538 3
g 720 720 0 960 960 0 71107
n 772.5 922.5 2.384186E-07 775 927.5 2.384186E-07 3
n 805 912.5 2.384186E-07 807.5 927.5 2.384186E-07 2
n 775 910 2.384186E-07 780 927.5 2.384186E-07 3
n 760 910 2.384186E-07 762.5 927.5 2.384186E-07 3
n 805 905 2.384186E-07 815 912.5 2.384186E-07 2
n 742.5 902.5 0 745 927.5 9.536743E-06 3
n 735 902.5 0 742.5 927.5 3.000411 2
n 857.5 900 -0.2719712 860 907.5 -0.2719693 3
n 845 900 2.384186E-07 857.5 907.5 1.907349E-06 2
n 760 900 2.384186E-07 780 910 2.384186E-07 3
n 745 900 2.384186E-07 760 927.5 2.384186E-07 3
n 740 900 2.384186E-07 745 902.5 2.384186E-07 3
n 820 890 0 845 912.5 1.020326 2
n 790 890 0 800 927.5 0.3022938 2
n 737.5 887.5 2.384186E-07 740 902.5 2.384186E-07 3
n 720 887.5 0 722.5 892.5 0 3
n 947.5 880 2.384186E-07 960 892.5 2.384186E-07 3
n 860 880 -0.2719712 892.5 912.5 0.2729197 3
n 740 880 0 762.5 900 2.384186E-07 3
n 947.5 877.5 2.384186E-07 952.5 880 2.384186E-07 3
n 887.5 877.5 2.384186E-07 892.5 880 2.384186E-07 3
n 772.5 877.5 2.384186E-07 775 887.5 2.384186E-07 3
n 747.5 877.5 2.384186E-07 762.5 880 2.384186E-07 3
n 860 875 2.384186E-07 870 880 1.907349E-05 3
n 845 875 2.384186E-07 860 885 9.536743E-06 3
n 800 875 2.384186E-07 805 927.5 1.020326 2
n 775 875 2.384186E-07 780 900 2.384186E-07 3
n 860 872.5 1.545317 862.5 875 1.545317 3
n 800 870 0.3022878 802.5 875 0.3022878 2
n 780 870 0 790 927.5 2.384186E-07 3
n 777.5 867.5 2.384186E-07 780 875 1.907349E-06 3
n 862.5 865 2.384186E-07 870 875 1.545327 3
n 780 865 1.907349E-06 785 870 1.020328 3
n 952.5 862.5 2.384186E-07 955 880 2.384186E-07 3
n 902.5 862.5 2.384186E-07 905 867.5 2.384186E-07 3
n 782.5 862.5 0 785 865 0 3
n 955 860 2.384186E-07 960 880 2.384186E-07 3
n 937.5 860 2.384186E-07 955 862.5 2.384186E-07 3
n 905 860 -0.1510968 937.5 867.5 0.2804062 3
n 887.5 860 2.384186E-07 905 862.5 2.384186E-07 3
n 870 860 2.384186E-07 887.5 880 2.384186E-07 3
n 860 860 2.384186E-07 870 865 1.545317 3
n 845 860 -0.2760587 847.5 875 0.3022895 3
n 820 860 -0.2760587 845 890 1.020324 3
n 782.5 857.5 0 785 862.5 0 2
n 785 855 -0.2760587 790 870 0.3022912 3
n 782.5 855 0.3022931 785 857.5 0.3022931 3
n 772.5 855 0 782.5 865 1.020328 2
n 920 840 -0.1510968 960 860 0.2804062 3
n 857.5 837.5 1.602209 860 842.5 1.602209 3
n 780 830 -0.2760587 790 855 0.3022912 3
n 920 825 -0.1510968 930 840 0.280405 3
n 815 825 2.384186E-07 820 912.5 6.437302E-06 2
n 780 825 9.536743E-07 785 830 1.020325 3
n 772.5 825 -0.2760587 780 855 0.3022928 3
n 927.5 822.5 1.192093E-06 930 825 1.192093E-06 3
n 922.5 822.5 1.192093E-06 927.5 825 3.33786E-06 2
n 920 822.5 0.2804127 922.5 825 0.2804127 3
n 782.5 822.5 0 785 825 0 3
n 860 820 0 920 860 1.609896 3
n 817.5 820 2.384186E-07 820 825 2.384186E-07 2
n 720 820 0 740 887.5 2.384186E-07 3
n 907.5 817.5 2.384186E-07 915 820 2.384186E-07 3
n 887.5 817.5 2.384186E-07 902.5 820 2.384186E-07 3
n 860 817.5 1.609886 862.5 820 1.609886 3
n 782.5 817.5 0 785 822.5 1.430511E-06 2
n 722.5 817.5 0 737.5 820 2.384186E-07 3
n 930 815 0 960 840 1.110641 3
n 915 815 2.384186E-07 920 820 2.384186E-07 3
n 902.5 815 2.384186E-07 907.5 820 2.384186E-07 3
n 815 815 1.192093E-06 820 820 0.3022897 2
n 805 815 2.384186E-07 815 822.5 0.3022885 2
n 800 815 2.384186E-07 805 870 1.020326 2
n 785 815 -0.2760589 790 830 0.3022897 3
n 782.5 815 0.3022897 785 817.5 0.3022897 3
n 772.5 815 0 782.5 825 1.020325 2
n 952.5 812.5 2.384186E-07 960 815 2.384186E-07 3
n 930 812.5 2.384186E-07 937.5 815 0.280401 3
n 920 812.5 2.384186E-07 930 822.5 1.099938 2
n 720 812.5 0 722.5 820 0 3
n 862.5 810 2.384186E-07 870 820 1.609896 3
n 800 810 2.384186E-07 815 815 2.384186E-07 3
n 790 810 -0.2760587 800 890 0.3022938 3
n 860 805 2.384186E-07 870 810 1.609896 3
n 790 805 2.384186E-07 815 810 2.384186E-07 3
n 885 802.5 2.384186E-07 887.5 820 2.384186E-07 3
n 860 802.5 2.384186E-07 862.5 805 2.384186E-07 3
n 792.5 802.5 2.384186E-07 815 805 2.384186E-07 3
n 737.5 802.5 2.384186E-07 740 820 2.384186E-07 3
n 870 800 2.384186E-07 885 820 2.384186E-07 3
n 862.5 800 2.384186E-07 870 805 2.384186E-07 3
n 820 800 -0.2760587 847.5 860 1.020324 3
n 815 800 2.384186E-07 820 815 2.384186E-07 3
n 790 800 2.384186E-07 792.5 805 2.384186E-07 3
n 772.5 800 0 790 815 2.384186E-07 3
n 885 797.5 2.384186E-07 890 802.5 2.384186E-07 3
n 862.5 797.5 2.384186E-07 875 800 2.384186E-07 3
n 815 797.5 2.384186E-07 847.5 800 2.384186E-07 3
n 772.5 797.5 2.384186E-07 782.5 800 2.384186E-07 3
n 740 797.5 0 747.5 880 2.384186E-07 3
n 735 797.5 0 740 802.5 2.384186E-07 3
n 885 785 2.384186E-07 892.5 787.5 2.384186E-07 3
n 875 785 2.384186E-07 885 800 2.384186E-07 3
n 860 785 2.384186E-07 875 787.5 2.384186E-07 3
n 857.5 777.5 2.384186E-07 860 787.5 2.384186E-07 3
n 812.5 775 0 825 787.5 2.384186E-07 3
n 820 772.5 2.384186E-07 822.5 775 2.384186E-07 3
n 822.5 770 2.384186E-07 825 775 2.384186E-07 3
n 840 765 0 847.5 787.5 2.384186E-07 3
n 825 760 0 840 787.5 2.384186E-07 3
n 820 760 2.384186E-07 825 762.5 2.384186E-07 3
n 840 755 2.384186E-07 860 765 2.384186E-07 3
n 812.5 755 2.384186E-07 820 762.5 2.384186E-07 3
n 860 747.5 0 892.5 785 2.384186E-07 3
n 820 740 2.384186E-07 840 760 2.384186E-07 3
n 847.5 735 0 880 737.5 2.384186E-07 3
n 840 735 2.384186E-07 847.5 755 2.384186E-07 3
n 887.5 730 0 892.5 732.5 0 3
n 880 730 0 887.5 737.5 2.384186E-07 3
n 880 720 0 892.5 730 0 3
n 840 720 0 880 735 2.384186E-07 3
n 812.5 720 0 840 740 2.384186E-07 3
g 480 960 0 720 1200 0 87483
n 615 1195 0 652.5 1200 0 3
n 617.5 1192.5 0 650 1195 0 3
n 615 1180 0 617.5 1195 0 3
n 572.5 1180 0 615 1200 0 3
n 595 1177.5 0 617.5 1180 0 3
n 572.5 1177.5 0 585 1180 0 3
n 635 1167.5 0 637.5 1170 0 3
n 595 1165 0 600 1167.5 0 3
n 585 1165 0 595 1180 0 3
n 580 1165 0 585 1167.5 0 3
n 687.5 1162.5 0 690 1167.5 0 3
n 662.5 1162.5 0 665 1167.5 0 3
n 632.5 1162.5 0 635 1170 0.298232 3
n 615 1162.5 0 617.5 1167.5 0 3
n 690 1160 0 697.5 1167.5 0 3
n 672.5 1160 0 690 1162.5 0 3
n 665 1160 0 672.5 1167.5 0 3
n 647.5 1160 0 665 1162.5 0.3989694 3
n 635 1160 4.887581E-06 647.5 1167.5 0.3989666 3
n 540 1160 0 547.5 1167.5 1.192093E-07 3
n 692.5 1157.5 0 697.5 1160 0 3
n 635 1155 0 685 1160 0.3989652 3
n 615 1155 0 635 1162.5 0.3989642 3
n 647.5 1152.5 0 682.5 1155 0.3989651 3
n 617.5 1152.5 0 632.5 1155 0.3989641 3
n 615 1150 0 617.5 1155 0 3
n 600 1150 0 615 1167.5 0 3
n 540 1150 0 560 1160 1.192093E-07 3
n 520 1150 0 540 1167.5 1.192093E-07 3
n 632.5 1142.5 0 647.5 1155 0.4323962 3
n 520 1142.5 0 547.5 1150 1.192093E-07 3
n 502.5 1142.5 0 510 1167.5 0 3
n 692.5 1140 0 697.5 1142.5 0 3
n 685 1140 0 692.5 1160 0 3
n 662.5 1137.5 0 665 1152.5 0 2
n 632.5 1137.5 0 635 1142.5 0.2702283 2
n 665 1135 0 670 1152.5 0 2
n 647.5 1135 0 665 1137.5 0 2
n 635 1135 0 647.5 1142.5 0.2702283 2
n 557.5 1132.5 0 560 1137.5 0 3
n 670 1130 0 682.5 1152.5 0 2
n 635 1130 0 670 1135 0 2
n 620 1130 0 635 1137.5 0 2
n 600 1130 0 617.5 1150 0 3
n 560 1130 0 580 1167.5 0 3
n 520 1130 0 525 1132.5 1.192093E-07 3
n 510 1130 0 520 1167.5 1.192093E-07 3
n 617.5 1127.5 0 620 1137.5 0 2
n 602.5 1127.5 0 617.5 1130 9.298325E-06 3
n 560 1127.5 0 577.5 1130 0 3
n 547.5 1127.5 0 560 1132.5 0 3
n 685 1115 0 697.5 1140 0 3
n 602.5 1115 0 620 1127.5 1.015846 2
n 692.5 1112.5 0 697.5 1115 0 3
n 602.5 1112.5 0 617.5 1115 0 2
n 600 1112.5 0 602.5 1130 0.2680794 3
n 577.5 1112.5 0 580 1130 0.2680771 3
n 547.5 1112.5 0 577.5 1127.5 8.34465E-07 2
n 547.5 1107.5 0 550 1112.5 0 3
n 537.5 1105 1.192093E-07 540 1107.5 1.192093E-07 3
n 525 1105 0 527.5 1132.5 1.192093E-07 3
n 502.5 1102.5 0 505 1117.5 0 3
n 682.5 1097.5 0 685 1155 0 3
n 620 1097.5 0 682.5 1130 0 2
n 617.5 1097.5 0 620 1115 4.887581E-06 2
n 615 1097.5 0 617.5 1112.5 4.887581E-06 3
n 692.5 1095 0 697.5 1097.5 0 3
n 685 1095 0 692.5 1115 0 3
n 525 1095 0 540 1105 1.192093E-07 3
n 685 1090 0 697.5 1095 0 3
n 615 1090 0 685 1097.5 0.3949407 3
n 600 1090 0 615 1112.5 0 3
n 550 1090 0 580 1112.5 0 3
n 540 1090 0 550 1107.5 1.192093E-07 3
n 537.5 1090 1.192093E-07 540 1095 1.192093E-07 3
n 525 1090 1.192093E-07 527.5 1095 1.192093E-07 3
n 510 1090 -0.2801442 525 1130 0.3198724 3
n 692.5 1087.5 0 697.5 1090 0 3
n 600 1085 0 692.5 1090 0.3949382 3
n 505 1085 -1.078159 510 1132.5 0.1295736 3
n 602.5 1082.5 0 692.5 1085 2.741814E-06 3
n 537.5 1082.5 0 575 1090 1.192093E-07 3
n 507.5 1077.5 -0.9009546 510 1085 -0.6961038 3
n 505 1077.5 -1.078159 507.5 1085 -1.046901 2
n 510 1075 -0.2801443 527.5 1090 0.3198778 3
n 510 1072.5 -0.1219641 517.5 1075 0.7539697 3
n 692.5 1070 0 697.5 1072.5 0 2
n 670 1070 0 692.5 1082.5 0 2
n 517.5 1070 1.192093E-07 527.5 1075 0.7539679 3
n 515 1070 0.7539608 517.5 1072.5 0.7539608 2
n 502.5 1070 0 505 1087.5 1.788139E-06 2
n 662.5 1067.5 0 665 1082.5 0 2
n 510 1067.5 -0.3209451 515 1072.5 0.7539726 2
n 665 1065 0 670 1082.5 0 2
n 647.5 1065 0 665 1067.5 0 2
n 640 1065 0 647.5 1082.5 0 2
n 515 1065 1.192093E-07 527.5 1070 0.8213905 3
n 510 1065 0.1881212 515 1067.5 0.7539642 3
n 670 1050 0 697.5 1070 0 2
n 640 1050 0 670 1065 0 2
n 647.5 1047.5 0 662.5 1050 0 2
n 560 1045 0 575 1082.5 1.072884E-06 2
n 562.5 1042.5 0 567.5 1045 0 2
n 640 1037.5 0 647.5 1050 0.459934 2
n 602.5 1037.5 0 640 1082.5 0.459934 2
n 600 1037.5 0 602.5 1085 0.2996837 3
n 567.5 1037.5 0 575 1045 4.768372E-07 2
n 560 1037.5 0 562.5 1045 0 2
n 502.5 1037.5 0 505 1057.5 0 3
n 662.5 1032.5 0 665 1050 0 2
n 665 1030 0 697.5 1050 0 2
n 660 1030 0 665 1032.5 0 2
n 647.5 1030 0.04674006 650 1032.5 0.04674006 3
n 600 1030 0 647.5 1037.5 0.2843647 3
n 575 1030 0 580 1090 0.2996836 3
n 560 1030 0 575 1037.5 0 3
n 560 1027.5 0 577.5 1030 0 3
n 560 1022.5 0 562.5 1027.5 1.192093E-07 2
n 537.5 1022.5 0 560 1082.5 1.192093E-07 2
n 577.5 1012.5 0 580 1030 1.192093E-07 3
n 660 1010 0 697.5 1030 2.026558E-06 2
n 527.5 1010 1.192093E-07 560 1012.5 1.192093E-07 3
n 510 1010 -1.192093E-07 527.5 1065 1.027148 3
n 502.5 1007.5 0 505 1022.5 0.6399837 3
n 660 1005 0 665 1010 1.192093E-07 2
n 657.5 1005 1.549721E-06 660 1032.5 0.6993235 2
n 650 1005 0.04673803 657.5 1032.5 0.9695442 3
n 572.5 1005 0 580 1012.5 0.3750387 3
n 560 1005 1.192093E-07 562.5 1012.5 0.2784295 3
n 665 1002.5 0 697.5 1010 1.192093E-07 2
n 560 995 1.192093E-07 580 1005 0.375039 3
n 560 990 1.192093E-07 562.5 995 1.192093E-07 3
n 510 990 0 560 1010 9.536743E-07 3
n 510 985 0 562.5 990 1.192093E-07 3
n 505 985 -1.078153 510 1077.5 0.9686725 3
n 502.5 985 0 505 992.5 1.192093E-07 3
n 542.5 982.5 0 562.5 985 1.192093E-07 3
n 502.5 982.5 0 527.5 985 1.192093E-07 3
n 650 960 0 652.5 992.5 1.192093E-07 3
n 600 960 0 650 1030 1.287913 3
n 580 960 0 600 1165 0.2996837 3
n 572.5 960 -1.192093E-07 580 995 4.768372E-07 3
g 960 720 0 1200 960 0 31132
n 1110 950 0 1132.5 960 0 3
n 1127.5 947.5 0 1132.5 950 0 3
n 1110 945 0 1127.5 950 0 3
n 1070 945 0 1100 960 5.960464E-08 3
n 1052.5 945 0 1060 960 0 3
n 1122.5 942.5 0 1127.5 945 0 3
n 1082.5 942.5 5.960464E-08 1087.5 945 5.960464E-08 3
n 1110 930 0 1132.5 932.5 0 3
n 1100 930 0 1110 960 0 3
n 1090 930 0 1100 932.5 5.960464E-08 3
n 1087.5 927.5 0 1090 932.5 5.960464E-08 3
n 1017.5 927.5 0 1020 932.5 0 3
n 1070 915 0 1077.5 932.5 5.960464E-08 3
n 1005 915 0 1007.5 932.5 0.3729048 3
n 1070 905 0 1090 915 5.960464E-08 3
n 1005 905 0.372902 1020 915 0.5776894 3
n 1005 900 0 1007.5 905 0 3
n 987.5 900 0 1005 932.5 2.801418E-06 3
n 1090 890 0 1132.5 930 0.3468565 3
n 1087.5 890 0 1090 892.5 0 3
n 1115 887.5 0 1132.5 890 0.3468544 3
n 1087.5 887.5 0 1105 890 0 3
n 987.5 887.5 0 1007.5 900 5.960464E-08 3
n 1040 880 0 1060 932.5 0.6942491 3
n 1115 875 0 1132.5 877.5 0 3
n 1105 875 0 1115 890 0.3468544 3
n 1100 875 0 1105 877.5 0 3
n 990 875 0 1000 877.5 0 3
n 1055 870 0 1060 880 0 3
n 1040 870 0 1045 880 0 3
n 1055 867.5 0 1057.5 870 0 3
n 1045 867.5 0 1055 880 0 2
n 1042.5 867.5 0 1045 870 0 3
n 1087.5 862.5 0 1090 877.5 0 3
n 1017.5 862.5 0 1020 892.5 0 3
n 1057.5 852.5 0 1060 870 0 3
n 1040 852.5 0 1042.5 870 0 3
n 1070 850 0 1077.5 905 0.7054311 3
n 1000 850 0 1007.5 877.5 5.960464E-08 3
n 1070 840 0 1090 850 0.5177231 3
n 1055 840 0 1060 852.5 5.960464E-08 3
n 1045 840 0 1055 852.5 5.960464E-08 2
n 1040 840 0 1045 852.5 7.152557E-07 3
n 1000 840 0 1020 850 5.960464E-08 3
n 980 840 -5.960464E-08 1000 875 5.960464E-08 3
n 1100 820 0 1132.5 875 1.609325E-06 3
n 1090 820 0 1100 877.5 0.5143612 3
n 1020 820 0 1040 932.5 0.718781 3
n 1017.5 820 0 1020 827.5 5.960464E-08 3
n 980 820 0 1007.5 840 5.960464E-08 3
n 1127.5 817.5 0 1132.5 820 0 3
n 1090 815 0 1127.5 820 0.4679772 3
n 1087.5 815 0 1090 827.5 5.960464E-08 3
n 1060 815 0 1070 960 0.6300482 3
n 1030 815 0 1040 820 5.960464E-08 3
n 980 815 0 990 820 0 3
n 1102.5 812.5 0 1115 815 0 3
n 1087.5 812.5 0 1092.5 815 0.2444958 3
n 1070 812.5 0 1077.5 840 0.750124 3
n 1040 812.5 0 1060 840 0.7047666 3
n 1017.5 812.5 0 1030 820 5.960464E-08 3
n 990 812.5 0 1007.5 820 5.960464E-08 3
n 960 812.5 0 980 877.5 5.960464E-08 3
g 480 720 0 720 960 0 81243
n 572.5 947.5 0 575 960 2.384186E-07 3
n 575 940 -2.384186E-07 652.5 960 0.575093 3
n 560 940 0 575 947.5 6.198883E-06 3
n 582.5 937.5 0 652.5 940 0.5750921 3
n 680 930 -2.384186E-07 692.5 942.5 0 2
n 662.5 930 0 670 942.5 0 2
n 680 920 -2.384186E-07 687.5 930 0 2
n 667.5 920 0 670 930 0 2
n 592.5 920 -2.384186E-07 620 927.5 0.670984 3
n 560 920 0 582.5 940 0.8751316 3
n 680 910 -2.384186E-07 692.5 920 0 2
n 560 910 -2.384186E-07 620 920 0.7441044 3
n 557.5 910 0 560 947.5 2.384186E-07 3
n 685 905 -2.384186E-07 692.5 910 0 2
n 630 905 0 652.5 927.5 0.6344767 3
n 592.5 905 -2.384186E-07 620 910 1.66893E-06 3
n 687.5 902.5 0 692.5 905 0 2
n 642.5 902.5 -2.384186E-07 652.5 905 0 3
n 592.5 902.5 0 607.5 905 0 3
n 557.5 902.5 0 582.5 910 2.384186E-07 3
n 662.5 892.5 -2.384186E-07 665 920 3.576279E-06 2
n 665 890 -2.384186E-07 670 920 0 2
n 660 890 1.66893E-06 665 892.5 0.28637 2
n 630 890 -2.384186E-07 660 892.5 0 3
n 620 890 -2.384186E-07 630 927.5 0.635268 3
n 600 890 -2.384186E-07 620 892.5 0 3
n 702.5 887.5 2.861023E-06 705 892.5 0.2156157 3
n 685 882.5 -2.384186E-07 687.5 905 0 2
n 565 882.5 0 575 892.5 2.384186E-07 3
n 705 880 0 720 892.5 0.4255939 3
n 700 880 -2.384186E-07 705 887.5 0.2156143 3
n 687.5 880 -2.384186E-07 690 887.5 0 2
n 680 880 -2.384186E-07 685 910 0 2
n 557.5 880 0 565 892.5 2.384186E-07 3
n 575 875 0 580 892.5 2.384186E-07 3
n 572.5 875 0 575 877.5 0 3
n 600 872.5 -0.3245327 660 890 0.2863758 3
n 670 865 -2.384186E-07 680 942.5 0 2
n 567.5 862.5 0 570 875 2.384186E-07 3
n 690 860 -2.384186E-07 700 887.5 0.2863719 3
n 680 860 -2.384186E-07 690 880 0 2
n 677.5 860 0 680 862.5 0 2
n 670 860 -2.384186E-07 677.5 865 0 2
n 690 857.5 -2.384186E-07 697.5 860 0.2863717 3
n 682.5 857.5 -2.384186E-07 690 860 -2.384186E-07 2
n 562.5 852.5 0 565 860 2.384186E-07 3
n 670 850 -2.384186E-07 682.5 860 0.2863719 2
n 660 850 -2.384186E-07 670 890 0.2863734 2
n 600 850 -2.384186E-07 660 872.5 0.2863731 2
n 570 850 0 580 875 2.384186E-07 3
n 565 850 0 570 862.5 2.384186E-07 3
n 560 850 0 565 852.5 0 3
n 547.5 850 0 550 852.5 0 3
n 540 850 0 547.5 857.5 2.384186E-07 3
n 697.5 842.5 -2.384186E-07 700 860 0 3
n 680 842.5 0 682.5 850 0 3
n 580 840 -0.3245327 600 892.5 0.2863758 3
n 630 835 -0.3154368 650 850 0.2863758 3
n 590 835 -0.1681364 600 840 0.2863719 3
n 640 832.5 0 647.5 835 0.28637 3
n 650 830 -2.384186E-07 670 850 2.384186E-07 3
n 647.5 830 0 650 835 2.384186E-07 3
n 580 830 0 590 840 0 3
n 560 830 0 580 850 1.66893E-06 3
n 540 830 0 550 850 2.622604E-06 3
n 522.5 830 0 540 857.5 2.622604E-06 3
n 647.5 827.5 0 667.5 830 2.384186E-07 3
n 630 827.5 -2.384186E-07 640 835 0.2863719 2
n 600 827.5 -0.3154366 630 850 0.2863719 3
n 590 827.5 0 600 835 0.2863712 2
n 572.5 827.5 0 590 830 0 3
n 532.5 827.5 0.424087 537.5 830 0.4240873 3
n 700 820 -2.384186E-07 720 880 0 3
n 680 820 0 700 842.5 0 3
n 670 820 -2.384186E-07 680 850 2.384186E-07 3
n 685 815 0 720 820 0 3
n 670 815 0 675 820 2.384186E-07 3
n 667.5 815 0 670 830 2.384186E-07 3
n 697.5 812.5 0 720 815 0 3
n 685 800 0 692.5 802.5 0 3
n 680 800 0 685 820 0 3
n 550 800 0 560 852.5 0.2901082 3
n 540 800 0 550 817.5 1.007156 3
n 667.5 795 -2.384186E-07 675 802.5 2.384186E-07 3
n 570 795 0 577.5 817.5 0 3
n 545 795 -0.1451833 555 800 0.2901044 3
n 667.5 792.5 0 672.5 795 2.384186E-07 3
n 572.5 792.5 0 577.5 795 0 3
n 555 785 -0.1451828 560 800 0.2901053 3
n 545 785 -0.1451833 555 795 0.2901027 2
n 540 785 -0.1451831 545 800 0.2901044 3
n 672.5 777.5 -2.384186E-07 675 795 2.384186E-07 3
n 612.5 777.5 -2.528051 615 782.5 -2.528051 3
n 595 777.5 0 597.5 782.5 0 3
n 587.5 777.5 0 590 782.5 0 3
n 570 777.5 0 572.5 795 0 3
n 522.5 777.5 3.099442E-06 525 817.5 2.793787 3
n 675 775 -2.384186E-07 680 820 2.384186E-07 3
n 657.5 775 -2.384186E-07 675 777.5 0.4811237 3
n 650 775 -4.361689 657.5 782.5 -0.9770327 3
n 615 770 -4.361688 620 782.5 -4.361688 3
n 595 770 -2.528051 615 777.5 0.4571779 3
n 590 770 -2.384186E-07 595 782.5 0 3
n 570 770 0 590 777.5 0 3
n 560 770 0 570 817.5 1.007153 3
n 680 760 -2.384186E-07 692.5 800 0 3
n 650 760 -4.361689 680 775 0.4811239 3
n 620 760 -4.361688 650 782.5 -4.361688 3
n 560 760 -4.361688 620 770 2.83483 3
n 540 760 -0.1451828 560 785 2.834821 3
n 525 760 0 540 817.5 2.793783 3
n 687.5 757.5 0 692.5 760 0 3
n 657.5 757.5 0 672.5 760 0.4811237 3
n 537.5 757.5 2.877763 540 760 2.877763 3
n 547.5 755 -4.361688 657.5 760 2.834826 3
n 525 755 0.5594764 537.5 760 2.877766 3
n 522.5 755 7.152557E-07 525 762.5 9.536743E-07 3
n 672.5 752.5 0 687.5 760 2.384186E-07 3
n 607.5 752.5 -4.361688 657.5 755 0.3028376 3
n 557.5 752.5 2.384186E-07 592.5 755 2.834826 3
g 720 480 0 960 720 0 31130
n 830 710 0 892.5 720 1.192093E-07 3
n 815 710 0 820 720 0 3
n 877.5 707.5 0 892.5 710 1.192093E-07 3
n 852.5 707.5 0 862.5 710 0 3
n 835 707.5 0 837.5 710 0 3
n 815 707.5 0 817.5 710 0 3
n 812.5 707.5 0 815 720 0 3
n 830 705 0 835 710 0 3
n 830 692.5 0 832.5 705 0 3
n 817.5 692.5 0 820 710 6.437302E-06 3
n 800 692.5 0 802.5 697.5 0 2
n 830 675 0 837.5 692.5 0 3
n 810 675 3.218651E-06 820 692.5 0.8529198 3
n 800 675 0 810 692.5 0 2
n 832.5 672.5 0 837.5 675 0 3
n 810 672.5 0.5230486 817.5 675 0.8529198 3
n 802.5 672.5 0 810 675 0 2
n 800 670 0 802.5 675 0 2
n 777.5 670 0 800 697.5 1.192093E-07 2
n 777.5 667.5 -1.192093E-07 802.5 670 0 2
n 830 657.5 0 832.5 675 0 3
n 817.5 657.5 0 820 675 0.5230486 3
n 830 655 0 835 657.5 0 3
n 907.5 652.5 0 910 657.5 0 3
n 852.5 652.5 0 855 657.5 0 3
n 892.5 650 0 910 652.5 0 3
n 855 650 0 892.5 657.5 1.192093E-07 3
n 837.5 650 0 855 652.5 0 3
n 830 650 0 837.5 655 0 3
n 820 650 0 830 720 0.5230494 3
n 920 640 0 932.5 657.5 0.5352558 3
n 820 640 0 910 650 0.3355769 3
n 815 640 0 820 657.5 0 3
n 927.5 637.5 0 932.5 640 5.722046E-06 3
n 892.5 637.5 0 907.5 640 0.3355768 3
n 815 637.5 0 817.5 640 0 3
n 812.5 637.5 0 815 657.5 0 3
n 875 635 0 892.5 640 0.5138113 3
n 817.5 635 0 865 640 3.099442E-06 3
n 792.5 635 0 797.5 637.5 0 3
n 767.5 635 0 777.5 637.5 0 3
n 887.5 632.5 0 892.5 635 0 3
n 817.5 632.5 0 837.5 635 0 3
n 747.5 632.5 0 752.5 637.5 1.192093E-07 3
n 797.5 630 0 800 632.5 0 3
n 790 630 0 797.5 635 0 3
n 777.5 630 -1.192093E-07 790 632.5 0 3
n 765 630 0 777.5 635 1.192093E-06 3
n 760 630 1.430511E-06 765 632.5 2.145767E-06 3
n 907.5 622.5 -1.192093E-07 910 640 0.5289294 3
n 927.5 620 0.4100738 932.5 622.5 0.4100753 3
n 920 620 0 927.5 640 0.679589 3
n 875 620 0 892.5 622.5 0.5667371 3
n 865 620 0.2512962 875 640 0.5667372 3
n 860 620 0 865 622.5 1.549721E-06 3
n 742.5 617.5 0 745 632.5 1.192093E-07 3
n 730 605 0 732.5 652.5 1.430511E-06 3
n 840 600 0 860 622.5 0.8514838 3
n 820 600 0 840 622.5 0 2
n 840 595 0.5014732 850 600 0.8514808 3
n 830 595 0 840 600 0 2
n 730 595 -1.192093E-07 745 605 0.2297564 3
n 840 592.5 0.5014741 847.5 595 0.8514808 3
n 832.5 592.5 0 840 595 0 2
n 920 590 0 932.5 620 0.679589 3
n 902.5 590 0 905 622.5 0.6795892 3
n 830 590 0 832.5 595 0 2
n 820 590 0 830 600 0 2
n 730 590 1.192093E-07 732.5 595 1.192093E-07 3
n 720 590 -1.192093E-07 730 652.5 1.192093E-07 3
n 820 585 3.099442E-06 832.5 590 1.0206 2
n 812.5 585 0 820 622.5 1.993787 2
n 780 580 -1.192093E-07 800 630 0.8982425 3
n 925 577.5 0 927.5 590 0 3
n 847.5 577.5 0 850 595 0.5014733 3
n 830 577.5 0 832.5 585 0.2981042 3
n 812.5 575 0 820 585 1.651973 3
n 800 575 0 802.5 632.5 1.192093E-06 3
n 720 572.5 0 732.5 590 1.192093E-07 3
n 925 570 0 932.5 577.5 0 3
n 920 570 0 925 590 1.430511E-06 3
n 902.5 570 0 905 580 0 3
n 850 570 0 860 600 0.5014739 3
n 830 570 0 850 577.5 0 3
n 820 570 0 830 585 0.2981043 3
n 800 570 0 820 575 0 3
n 790 570 0 800 580 0.8176475 3
n 760 570 -1.192093E-07 780 630 0.8590204 3
n 745 570 -1.192093E-07 760 632.5 1.438281 3
n 790 565 0 820 570 0 3
n 745 565 0 755 570 1.192093E-07 3
n 742.5 565 1.192093E-07 745 582.5 1.192093E-07 3
n 797.5 562.5 0 800 565 0 3
n 780 562.5 -1.192093E-07 790 580 0.8176504 3
n 755 562.5 0 765 570 0 3
n 742.5 562.5 1.192093E-07 747.5 565 1.192093E-07 3
n 910 560 0 920 657.5 0.6795876 3
n 905 560 0 910 622.5 0.4975469 3
n 860 560 0 892.5 620 0.8424023 3
n 820 560 0 860 570 1.448331 3
n 790 560 0 797.5 565 0 3
n 765 560 0 780 570 0 3
n 747.5 560 0 755 565 1.192093E-07 3
n 792.5 557.5 0 797.5 560 0 3
n 767.5 557.5 0 777.5 560 0 3
n 747.5 557.5 0 752.5 560 1.192093E-07 3
n 927.5 555 0 932.5 557.5 0 3
n 920 555 0 927.5 570 0.6529419 3
n 812.5 540 -0.4247199 820 565 1.448333 3
n 920 530 0 932.5 555 0.7113924 3
n 902.5 530 0 920 560 0.7113924 3
n 927.5 527.5 0 932.5 530 0 3
n 902.5 527.5 0 907.5 530 1.549721E-06 3
n 820 527.5 -0.7030159 892.5 560 1.448328 3
n 812.5 527.5 0 820 540 4.768372E-07 2
n 907.5 512.5 0 910 530 0.4161137 3
n 890 512.5 0 892.5 517.5 0 3
n 867.5 512.5 0 870 517.5 0 3
n 830 512.5 0 832.5 517.5 1.192093E-07 3
n 817.5 512.5 0 820 517.5 1.192093E-07 3
n 927.5 510 0 932.5 512.5 1.192093E-07 3
n 910 510 0 927.5 530 0.6655197 3
n 910 500 0 932.5 510 1.192093E-07 3
n 890 500 0 910 512.5 1.192093E-07 3
n 870 500 0 890 517.5 1.192093E-07 3
n 830 500 0 870 512.5 1.192093E-07 3
n 820 500 0 830 517.5 1.192093E-07 3
n 815 500 1.192093E-07 820 512.5 1.192093E-07 3
n 927.5 497.5 0 932.5 500 1.192093E-07 3
n 815 497.5 1.192093E-07 817.5 500 1.192093E-07 3
n 812.5 497.5 1.192093E-07 815 512.5 1.192093E-07 3
n 855 495 0 927.5 500 1.192093E-07 3
n 817.5 495 1.192093E-07 845 500 1.192093E-07 3
n 907.5 492.5 0 927.5 495 1.192093E-07 3
n 867.5 492.5 0 895 495 1.192093E-07 3
n 817.5 492.5 0 832.5 495 1.192093E-07 3
n 855 480 -1.192093E-07 892.5 482.5 0 3
n 845 480 -1.192093E-07 855 500 1.192093E-07 3
n 812.5 480 -1.192093E-07 845 482.5 1.192093E-07 3
g 480 480 0 720 720 0 71107
n 532.5 682.5 2.384186E-07 535 687.5 2.384186E-07 3
n 565 672.5 2.384186E-07 567.5 687.5 2.384186E-07 2
n 535 670 2.384186E-07 540 687.5 2.384186E-07 3
n 520 670 2.384186E-07 522.5 687.5 2.384186E-07 3
n 565 665 2.384186E-07 575 672.5 2.384186E-07 2
n 502.5 662.5 0 505 687.5 9.536743E-06 3
n 495 662.5 0 502.5 687.5 3.000411 2
n 617.5 660 -0.2719712 620 667.5 -0.2719693 3
n 605 660 2.384186E-07 617.5 667.5 1.907349E-06 2
n 520 660 2.384186E-07 540 670 2.384186E-07 3
n 505 660 2.384186E-07 520 687.5 2.384186E-07 3
n 500 660 2.384186E-07 505 662.5 2.384186E-07 3
n 580 650 0 605 672.5 1.020326 2
n 550 650 0 560 687.5 0.3022938 2
n 497.5 647.5 2.384186E-07 500 662.5 2.384186E-07 3
n 480 647.5 0 482.5 652.5 0 3
n 707.5 640 2.384186E-07 720 652.5 2.384186E-07 3
n 620 640 -0.2719712 652.5 672.5 0.2729197 3
n 500 640 0 522.5 660 2.384186E-07 3
n 707.5 637.5 2.384186E-07 712.5 640 2.384186E-07 3
n 647.5 637.5 2.384186E-07 652.5 640 2.384186E-07 3
n 532.5 637.5 2.384186E-07 535 647.5 2.384186E-07 3
n 507.5 637.5 2.384186E-07 522.5 640 2.384186E-07 3
n 620 635 2.384186E-07 630 640 1.907349E-05 3
n 605 635 2.384186E-07 620 645 9.536743E-06 3
n 560 635 2.384186E-07 565 687.5 1.020326 2
n 535 635 2.384186E-07 540 660 2.384186E-07 3
n 620 632.5 1.545317 622.5 635 1.545317 3
n 560 630 0.3022878 562.5 635 0.3022878 2
n 540 630 0 550 687.5 2.384186E-07 3
n 537.5 627.5 2.384186E-07 540 635 1.907349E-06 3
n 622.5 625 2.384186E-07 630 635 1.545327 3
n 540 625 1.907349E-06 545 630 1.020328 3
n 712.5 622.5 2.384186E-07 715 640 2.384186E-07 3
n 662.5 622.5 2.384186E-07 665 627.5 2.384186E-07 3
n 542.5 622.5 0 545 625 0 3
n 715 620 2.384186E-07 720 640 2.384186E-07 3
n 697.5 620 2.384186E-07 715 622.5 2.384186E-07 3
n 665 620 -0.1510968 697.5 627.5 0.2804062 3
n 647.5 620 2.384186E-07 665 622.5 2.384186E-07 3
n 630 620 2.384186E-07 647.5 640 2.384186E-07 3
n 620 620 2.384186E-07 630 625 1.545317 3
n 605 620 -0.2760587 607.5 635 0.3022895 3
n 580 620 -0.2760587 605 650 1.020324 3
n 542.5 617.5 0 545 622.5 0 2
n 545 615 -0.2760587 550 630 0.3022912 3
n 542.5 615 0.3022931 545 617.5 0.3022931 3
n 532.5 615 0 542.5 625 1.020328 2
n 680 600 -0.1510968 720 620 0.2804062 3
n 617.5 597.5 1.602209 620 602.5 1.602209 3
n 540 590 -0.2760587 550 615 0.3022912 3
n 680 585 -0.1510968 690 600 0.280405 3
n 575 585 2.384186E-07 580 672.5 6.437302E-06 2
n 540 585 9.536743E-07 545 590 1.020325 3
n 532.5 585 -0.2760587 540 615 0.3022928 3
n 687.5 582.5 1.192093E-06 690 585 1.192093E-06 3
n 682.5 582.5 1.192093E-06 687.5 585 3.33786E-06 2
n 680 582.5 0.2804127 682.5 585 0.2804127 3
n 542.5 582.5 0 545 585 0 3
n 620 580 0 680 620 1.609896 3
n 577.5 580 2.384186E-07 580 585 2.384186E-07 2
n 480 580 0 500 647.5 2.384186E-07 3
n 667.5 577.5 2.384186E-07 675 580 2.384186E-07 3
n 647.5 577.5 2.384186E-07 662.5 580 2.384186E-07 3
n 620 577.5 1.609886 622.5 580 1.609886 3
n 542.5 577.5 0 545 582.5 1.430511E-06 2
n 482.5 577.5 0 497.5 580 2.384186E-07 3
n 690 575 0 720 600 1.110641 3
n 675 575 2.384186E-07 680 580 2.384186E-07 3
n 662.5 575 2.384186E-07 667.5 580 2.384186E-07 3
n 575 575 1.192093E-06 580 580 0.3022897 2
n 565 575 2.384186E-07 575 582.5 0.3022885 2
n 560 575 2.384186E-07 565 630 1.020326 2
n 545 575 -0.2760589 550 590 0.3022897 3
n 542.5 575 0.3022897 545 577.5 0.3022897 3
n 532.5 575 0 542.5 585 1.020325 2
n 712.5 572.5 2.384186E-07 720 575 2.384186E-07 3
n 690 572.5 2.384186E-07 697.5 575 0.280401 3
n 680 572.5 2.384186E-07 690 582.5 1.099938 2
n 480 572.5 0 482.5 580 0 3
n 622.5 570 2.384186E-07 630 580 1.609896 3
n 560 570 2.384186E-07 575 575 2.384186E-07 3
n 550 570 -0.2760587 560 650 0.3022938 3
n 620 565 2.384186E-07 630 570 1.609896 3
n 550 565 2.384186E-07 575 570 2.384186E-07 3
n 645 562.5 2.384186E-07 647.5 580 2.384186E-07 3
n 620 562.5 2.384186E-07 622.5 565 2.384186E-07 3
n 552.5 562.5 2.384186E-07 575 565 2.384186E-07 3
n 497.5 562.5 2.384186E-07 500 580 2.384186E-07 3
n 630 560 2.384186E-07 645 580 2.384186E-07 3
n 622.5 560 2.384186E-07 630 565 2.384186E-07 3
n 580 560 -0.2760587 607.5 620 1.020324 3
n 575 560 2.384186E-07 580 575 2.384186E-07 3
n 550 560 2.384186E-07 552.5 565 2.384186E-07 3
n 532.5 560 0 550 575 2.384186E-07 3
n 645 557.5 2.384186E-07 650 562.5 2.384186E-07 3
n 622.5 557.5 2.384186E-07 635 560 2.384186E-07 3
n 575 557.5 2.384186E-07 607.5 560 2.384186E-07 3
n 532.5 557.5 2.384186E-07 542.5 560 2.384186E-07 3
n 500 557.5 0 507.5 640 2.384186E-07 3
n 495 557.5 0 500 562.5 2.384186E-07 3
n 645 545 2.384186E-07 652.5 547.5 2.384186E-07 3
n 635 545 2.384186E-07 645 560 2.384186E-07 3
n 620 545 2.384186E-07 635 547.5 2.384186E-07 3
n 617.5 537.5 2.384186E-07 620 547.5 2.384186E-07 3
n 572.5 535 0 585 547.5 2.384186E-07 3
n 580 532.5 2.384186E-07 582.5 535 2.384186E-07 3
n 582.5 530 2.384186E-07 585 535 2.384186E-07 3
n 600 525 0 607.5 547.5 2.384186E-07 3
n 585 520 0 600 547.5 2.384186E-07 3
n 580 520 2.384186E-07 585 522.5 2.384186E-07 3
n 600 515 2.384186E-07 620 525 2.384186E-07 3
n 572.5 515 2.384186E-07 580 522.5 2.384186E-07 3
n 620 507.5 0 652.5 545 2.384186E-07 3
n 580 500 2.384186E-07 600 520 2.384186E-07 3
n 607.5 495 0 640 497.5 2.384186E-07 3
n 600 495 2.384186E-07 607.5 515 2.384186E-07 3
n 647.5 490 0 652.5 492.5 0 3
n 640 490 0 647.5 497.5 2.384186E-07 3
n 640 480 0 652.5 490 0 3
n 600 480 0 640 495 2.384186E-07 3
n 572.5 480 0 600 500 2.384186E-07 3
g 720 240 0 960 480 0 31132
n 870 470 0 892.5 480 0 3
n 887.5 467.5 0 892.5 470 0 3
n 870 465 0 887.5 470 0 3
n 830 465 0 860 480 5.960464E-08 3
n 812.5 465 0 820 480 0 3
n 882.5 462.5 0 887.5 465 0 3
n 842.5 462.5 5.960464E-08 847.5 465 5.960464E-08 3
n 870 450 0 892.5 452.5 0 3
n 860 450 0 870 480 0 3
n 850 450 0 860 452.5 5.960464E-08 3
n 847.5 447.5 0 850 452.5 5.960464E-08 3
n 777.5 447.5 0 780 452.5 0 3
n 830 435 0 837.5 452.5 5.960464E-08 3
n 765 435 0 767.5 452.5 0.3729048 3
n 830 425 0 850 435 5.960464E-08 3
n 765 425 0.372902 780 435 0.5776894 3
n 765 420 0 767.5 425 0 3
n 747.5 420 0 765 452.5 2.801418E-06 3
n 850 410 0 892.5 450 0.3468565 3
n 847.5 410 0 850 412.5 0 3
n 875 407.5 0 892.5 410 0.3468544 3
n 847.5 407.5 0 865 410 0 3
n 747.5 407.5 0 767.5 420 5.960464E-08 3
n 800 400 0 820 452.5 0.6942491 3
n 875 395 0 892.5 397.5 0 3
n 865 395 0 875 410 0.3468544 3
n 860 395 0 865 397.5 0 3
n 750 395 0 760 397.5 0 3
n 815 390 0 820 400 0 3
n 800 390 0 805 400 0 3
n 815 387.5 0 817.5 390 0 3
n 805 387.5 0 815 400 0 2
n 802.5 387.5 0 805 390 0 3
n 847.5 382.5 0 850 397.5 0 3
n 777.5 382.5 0 780 412.5 0 3
n 817.5 372.5 0 820 390 0 3
n 800 372.5 0 802.5 390 0 3
n 830 370 0 837.5 425 0.7054311 3
n 760 370 0 767.5 397.5 5.960464E-08 3
n 830 360 0 850 370 0.5177231 3
n 815 360 0 820 372.5 5.960464E-08 3
n 805 360 0 815 372.5 5.960464E-08 2
n 800 360 0 805 372.5 7.152557E-07 3
n 760 360 0 780 370 5.960464E-08 3
n 740 360 -5.960464E-08 760 395 5.960464E-08 3
n 860 340 0 892.5 395 1.609325E-06 3
n 850 340 0 860 397.5 0.5143612 3
n 780 340 0 800 452.5 0.718781 3
n 777.5 340 0 780 347.5 5.960464E-08 3
n 740 340 0 767.5 360 5.960464E-08 3
n 887.5 337.5 0 892.5 340 0 3
n 850 335 0 887.5 340 0.4679772 3
n 847.5 335 0 850 347.5 5.960464E-08 3
n 820 335 0 830 480 0.6300482 3
n 790 335 0 800 340 5.960464E-08 3
n 740 335 0 750 340 0 3
n 862.5 332.5 0 875 335 0 3
n 847.5 332.5 0 852.5 335 0.2444958 3
n 830 332.5 0 837.5 360 0.750124 3
n 800 332.5 0 820 360 0.7047666 3
n 777.5 332.5 0 790 340 5.960464E-08 3
n 750 332.5 0 767.5 340 5.960464E-08 3
n 720 332.5 0 740 397.5 5.960464E-08 3
g 240 480 0 480 720 0 79983
n 282.5 645 0 300 657.5 0.931837 2
n 287.5 635 1.192093E-07 290 637.5 1.192093E-07 3
n 445 627.5 0 447.5 632.5 0 3
n 282.5 617.5 1.192093E-07 285 627.5 0.2892781 3
n 285 615 0 290 635 0.2892759 3
n 447.5 607.5 -0.309307 450 652.5 0.2892759 3
n 325 607.5 1.192093E-07 327.5 657.5 1.192093E-07 2
n 287.5 605 -0.1584253 290 615 0.2892769 3
n 285 605 1.192093E-07 287.5 615 0.289276 2
n 282.5 602.5 1.192093E-07 285 617.5 0.2892765 2
n 450 600 0 480 652.5 0.935046 3
n 440 600 -0.309307 450 607.5 0.9350405 3
n 325 600 0 440 607.5 0.9350414 2
n 300 600 0 325 657.5 0.9350423 2
n 410 580 -0.309307 480 600 0.9350444 3
n 340 580 -0.309307 380 600 0.931839 3
n 360 577.5 1.192093E-07 367.5 580 1.192093E-07 3
n 282.5 577.5 1.192093E-07 285 602.5 1.192093E-07 3
n 410 575 -0.1584252 450 580 0.2892773 3
n 367.5 575 0 380 580 1.192093E-07 3
n 350 575 0 360 580 1.192093E-07 3
n 312.5 575 -0.3093069 340 600 0.9350386 3
n 300 575 0 312.5 600 0.9350385 2
n 285 575 0 290 605 0.2892758 3
n 450 572.5 0 480 580 0.289276 3
n 440 572.5 4.768372E-07 450 575 0.2892759 2
n 412.5 572.5 0 440 575 0 3
n 370 572.5 0 372.5 575 0 3
n 327.5 572.5 1.192093E-07 340 575 1.192093E-07 3
n 285 565 0 287.5 575 3.099442E-06 2
n 282.5 562.5 1.192093E-07 285 577.5 1.192093E-07 2
n 410 560 0.2892759 412.5 575 0.9318388 3
n 402.5 560 -0.309307 410 600 0.9350425 3
n 387.5 560 0 402.5 600 0.9350386 2
n 380 560 -0.309307 387.5 600 0.9350386 3
n 287.5 550 -0.1584253 290 575 0.2892763 3
n 290 545 -0.309307 300 645 0.9350432 3
n 290 542.5 0 297.5 545 0 3
n 372.5 540 0 380 575 2.026558E-06 3
n 355 540 0.1310987 362.5 542.5 1.000435 2
n 337.5 540 0.1310988 345 542.5 0.1311015 2
n 300 540 -0.3093069 320 575 0.9350423 3
n 297.5 535 0 300 545 1.192093E-07 3
n 377.5 532.5 0 380 540 0 3
n 380 530 -0.309307 400 560 0.9350366 3
n 355 530 0.04667854 360 540 1.000435 3
n 345 530 0 355 542.5 1.000433 2
n 340 530 0.04667866 345 540 0.1311015 3
n 300 530 0 310 540 1.192093E-07 3
n 287.5 530 1.192093E-07 300 535 1.192093E-07 3
n 320 527.5 0 327.5 575 0.9350365 3
n 287.5 527.5 1.192093E-07 310 530 1.192093E-07 3
n 400 520 -0.309307 412.5 560 1.075455 3
n 387.5 520 -0.05262351 400 530 3.576279E-07 2
n 380 520 -0.05262136 387.5 530 1.116714 3
n 372.5 520 0 380 532.5 1.192093E-07 3
n 360 520 0.04667854 362.5 540 0.4743309 3
n 337.5 517.5 1.430511E-06 340 540 0.9065584 3
n 360 510 -0.05262351 412.5 520 0.9267891 3
n 350 510 0 360 530 0.8896772 3
n 320 510 0 340 517.5 1.192093E-07 3
n 310 510 0 320 540 1.192093E-07 3
n 350 505 0 362.5 510 1.192093E-07 3
n 310 505 0 340 510 1.192093E-07 3
n 302.5 505 0 310 517.5 1.192093E-07 3
n 372.5 502.5 0 412.5 510 0.6936754 3
n 302.5 502.5 1.192093E-07 327.5 505 1.192093E-07 3
n 362.5 490 0 412.5 492.5 1.192093E-07 3
n 340 490 0 350 530 0.8896759 3
n 332.5 480 -1.192093E-07 412.5 490 1.192093E-07 3
g 480 240 0 720 480 0 31145
n 620 460 0 652.5 480 0 3
n 630 455 0 652.5 460 0.2714259 3
n 572.5 455 0 620 480 1.192093E-07 3
n 647.5 452.5 0 652.5 455 0 3
n 630 452.5 0.3419432 632.5 455 0.3419432 3
n 572.5 452.5 0 607.5 455 1.192093E-07 3
n 630 440 0 652.5 442.5 0 3
n 620 440 0 630 460 0.3419407 3
n 600 440 0 620 442.5 0.8279579 3
n 527.5 437.5 -0.2727808 530 442.5 0.5617667 3
n 552.5 435 1.192093E-07 560 442.5 0.3844118 3
n 540 435 0.2809902 542.5 442.5 0.7213556 3
n 540 430 4.768372E-07 560 435 0.7213618 3
n 530 430 0.2500309 540 442.5 0.7386146 3
n 542.5 427.5 2.145767E-06 552.5 430 0.5251672 3
n 592.5 425 0 600 442.5 1.096427 3
n 580 425 1.192093E-07 582.5 442.5 1.192093E-07 3
n 580 420 0 600 425 1.192093E-07 3
n 560 420 0 580 442.5 0.3844115 3
n 552.5 420 0 560 430 0.5251657 3
n 582.5 417.5 0 592.5 420 1.192093E-07 3
n 697.5 400 0 720 412.5 0 3
n 600 400 0 652.5 440 1.07251 3
n 592.5 400 0 600 420 1.192093E-07 3
n 530 400 -0.2727823 542.5 430 0.7213626 3
n 697.5 397.5 0 702.5 400 0 3
n 592.5 397.5 0 652.5 400 1.192093E-07 3
n 552.5 397.5 0 582.5 420 1.192093E-07 3
n 537.5 397.5 0 542.5 400 0.2368373 3
n 702.5 382.5 0 705 400 0 3
n 552.5 382.5 0 555 387.5 0 3
n 705 380 0 720 400 0 3
n 687.5 380 0 705 382.5 0 3
n 662.5 380 0 687.5 387.5 0 3
n 650 380 0 652.5 387.5 0 3
n 555 380 0 580 387.5 1.192093E-07 3
n 537.5 380 0 555 382.5 1.192093E-07 3
n 530 380 0 537.5 400 0.5444503 3
n 650 370 0 720 380 0 3
n 610 370 0 650 387.5 1.192093E-07 3
n 530 370 0 580 380 1.192093E-07 3
n 522.5 370 -0.2727823 530 437.5 0.4694343 3
n 687.5 367.5 0 702.5 370 0 3
n 522.5 367.5 0 527.5 370 1.192093E-07 3
n 615 365 0 652.5 370 1.192093E-07 3
n 580 365 0 597.5 387.5 1.192093E-07 3
n 662.5 362.5 0 687.5 370 1.192093E-07 3
n 622.5 362.5 0 652.5 365 1.192093E-07 3
n 610 362.5 0 615 370 1.192093E-07 3
n 607.5 362.5 0 610 387.5 1.192093E-07 3
n 582.5 362.5 1.192093E-07 597.5 365 1.192093E-07 3
n 527.5 362.5 0 575 370 1.192093E-07 3
n 702.5 352.5 0 705 370 1.192093E-07 3
n 580 352.5 1.192093E-07 582.5 365 1.192093E-07 3
n 705 350 0 720 370 0.4719835 3
n 700 350 0 705 352.5 7.152557E-07 3
n 622.5 350 0 637.5 352.5 0 3
n 615 350 0 622.5 365 1.192093E-07 3
n 600 350 0 615 352.5 1.192093E-07 3
n 575 350 0 580 370 1.192093E-07 3
n 570 350 0 575 352.5 0 3
n 567.5 347.5 0 570 352.5 0 3
n 695 337.5 0.3043129 697.5 342.5 0.3043129 3
n 700 335 0 720 350 0.4099182 3
n 697.5 335 0 700 352.5 3.695488E-06 3
n 707.5 332.5 0 720 335 3.33786E-06 3
n 570 325 -0.2777193 580 350 0.9369811 3
n 570 322.5 -0.2777183 572.5 325 -0.2777183 3
n 567.5 322.5 0 570 332.5 0.2839365 3
n 600 320 -0.2777193 637.5 350 1.15616 3
n 580 320 -0.2777193 600 352.5 1.156158 3
n 572.5 320 -0.2777174 580 325 0.9369798 3
n 697.5 317.5 0 707.5 335 0.3659514 3
n 615 317.5 0 637.5 320 0 2
n 572.5 317.5 0 600 320 1.192093E-07 2
g 240 240 0 480 480 0 73912
n 370 470 0 412.5 480 1.257855 3
n 402.5 467.5 1.23983 405 470 1.23983 2
n 397.5 467.5 1.239829 402.5 470 1.239829 3
n 395 467.5 0.6591208 397.5 470 0.6591208 2
n 377.5 467.5 1.192093E-07 382.5 470 2.145767E-06 3
n 332.5 465 1.192093E-07 335 480 1.192093E-07 3
n 370 460 2.264977E-06 377.5 470 0.6546596 3
n 340 460 0 370 480 0.6546596 3
n 405 455 0 410 457.5 1.192093E-07 2
n 395 455 0 405 467.5 0.6591183 2
n 390 455 1.192093E-07 395 457.5 1.192093E-07 2
n 335 455 0 340 480 0.3590446 3
n 350 445 -0.4322106 377.5 460 0.6638544 3
n 332.5 445 0.4276696 340 455 0.427672 3
n 362.5 442.5 0.2846167 377.5 445 0.2846189 3
n 350 430 0 370 432.5 0.3895079 3
n 340 430 0 350 460 0.5457983 3
n 332.5 425 1.192093E-07 335 432.5 1.192093E-07 3
n 390 420 0 410 455 2.384186E-07 2
n 387.5 420 0 390 457.5 1.192093E-07 2
n 377.5 410 0 410 420 2.384186E-07 2
n 410 405 1.192093E-07 412.5 457.5 1.192093E-07 2
n 387.5 402.5 1.192093E-07 410 410 2.384186E-07 2
n 332.5 400 1.192093E-07 335 415 1.192093E-07 3
n 335 390 0 340 432.5 0.368493 3
n 332.5 380 1.192093E-07 340 390 1.192093E-07 3
n 337.5 365 1.192093E-07 340 380 0.7401072 3
n 340 360 0 370 430 1.473408 3
n 325 360 0.3077077 340 365 1.031771 3
n 325 357.5 0.3077077 337.5 360 1.031771 3
n 370 345 0 377.5 432.5 2.384186E-07 3
n 372.5 342.5 1.192093E-07 377.5 345 2.384186E-07 3
n 370 340 1.192093E-07 372.5 345 1.192093E-07 3
n 337.5 340 0 370 360 1.723048 3
n 360 337.5 1.192093E-07 372.5 340 2.384186E-07 3
n 337.5 337.5 1.192093E-07 350 340 2.384186E-07 3
