s 364.8 1302 0.1
g 240 720 0 480 960 0 405582
n 457.5 950 0 460 960 0 2
n 400 950 0 457.5 960 0 3
n 452.5 947.5 0 455 950 0 3
n 442.5 947.5 0 445 950 0 3
n 437.5 947.5 0 442.5 950 0 2
n 262.5 947.5 0 265 960 0 3
n 260 947.5 0 262.5 960 0 2
n 455 945 0 460 950 0 2
n 452.5 945 0 455 947.5 0 2
n 445 945 0 452.5 950 0 3
n 437.5 945 0 445 947.5 0 2
n 400 945 0 437.5 950 0 3
n 265 945 0 300 960 0 3
n 260 945 0 265 947.5 0 2
n 447.5 942.5 0 450 945 0 3
n 432.5 942.5 0 435 945 0 2
n 400 942.5 0 432.5 945 0 3
n 267.5 942.5 0 300 945 0 3
n 450 940 0 460 945 0 2
n 447.5 940 0 450 942.5 0 2
n 435 940 0 447.5 945 0 2
n 400 940 0 435 942.5 0 2
n 300 940 0 400 960 0.7068801 3
n 267.5 940 0 300 942.5 0 2
n 260 940 0 267.5 945 0 2
n 365 935 0 380 940 0 3
n 320 935 0 335 940 0 3
n 377.5 932.5 0 380 935 0 3
n 375 932.5 0 377.5 935 0 2
n 367.5 932.5 0 370 935 0 2
n 365 932.5 0 367.5 935 0 3
n 322.5 932.5 0 332.5 935 0 3
n 380 930 0 390 940 0 3
n 322.5 930 0 332.5 932.5 0 2
n 320 930 0 322.5 935 0 3
n 310 930 0 320 940 0 3
n 380 927.5 0 385 930 0 3
n 332.5 927.5 0 335 935 0 3
n 312.5 927.5 0 320 930 0 3
n 385 925 0 390 930 0 3
n 380 925 0 382.5 927.5 0 2
n 375 925 0 380 932.5 0 2
n 365 925 0 370 932.5 0 2
n 332.5 925 0 335 927.5 0 2
n 320 925 0 332.5 930 0 2
n 317.5 925 0 320 927.5 0 2
n 382.5 922.5 0 385 927.5 0 2
n 375 922.5 0 377.5 925 0 2
n 367.5 922.5 0 370 925 0 2
n 365 922.5 0 367.5 925 0 3
n 327.5 922.5 0 335 925 0 2
n 322.5 922.5 0 325 925 0 2
n 315 922.5 0 317.5 927.5 0 2
n 370 920 0 375 935 0 2
n 365 920 0 370 922.5 0.104661 3
n 335 920 0 365 940 0.1046611 3
n 330 920 0 335 922.5 0 3
n 385 917.5 0 387.5 925 0 2
n 372.5 917.5 0 375 920 0 2
n 325 917.5 0 327.5 925 0 2
n 312.5 917.5 0 315 927.5 0 2
n 387.5 915 0 390 925 0 3
n 382.5 915 0 387.5 917.5 0 2
n 327.5 915 0 330 922.5 0 3
n 322.5 915 0 327.5 917.5 0 2
n 312.5 915 0 317.5 917.5 0 2
n 310 915 0 312.5 930 0 3
n 377.5 912.5 0 385 915 0 2
n 372.5 912.5 0 377.5 917.5 0 2
n 315 912.5 0 325 915 0 2
n 385 910 0 390 915 0 3
n 372.5 910 0 385 912.5 0 3
n 340 910 0 372.5 920 0.935034 3
n 325 910 0 330 915 0 3
n 320 910 0 325 912.5 0 3
n 342.5 907.5 0.1052392 355 910 1.49089 3
n 397.5 905 0 400 940 0 2
n 395 905 0 397.5 940 0 3
n 355 905 0.104661 360 910 1.01745 3
n 310 905 0 315 915 0 3
n 302.5 905 0 310 940 0 3
n 300 905 0 302.5 940 0 2
n 345 902.5 0.1344901 355 907.5 0.6215421 2
n 307.5 902.5 0 312.5 905 0 3
n 467.5 900 -10 470 907.5 -10 2
n 395 900 0 400 905 0 2
n 465 897.5 -10 467.5 902.5 -10 2
n 395 897.5 0 397.5 900 0 2
n 355 897.5 0 357.5 905 0.1346991 2
n 342.5 897.5 0.104661 345 907.5 0.1303332 2
n 312.5 897.5 0 315 905 0 3
n 307.5 897.5 0 312.5 902.5 0 2
n 467.5 895 -10 470 900 -10 3
n 462.5 895 -10 467.5 897.5 -10 2
n 357.5 895 0 360 905 0.104661 3
n 352.5 895 0 357.5 897.5 0 2
n 300 895 0 307.5 905 0 2
n 457.5 892.5 -10 465 895 -10 2
n 347.5 892.5 0 355 895 0 2
n 342.5 892.5 0 347.5 897.5 0.104661 2
n 340 892.5 0 342.5 910 0.1102101 3
n 307.5 892.5 0 310 897.5 0 3
n 302.5 892.5 0 307.5 895 0 2
n 470 890 -10 480 907.5 -10 3
n 465 890 -10 470 895 -10 3
n 460 890 -10 465 892.5 -10 3
n 447.5 890 -10 457.5 895 -10 2
n 360 890 0 390 910 0.104661 3
n 355 890 0 360 895 0 3
n 340 890 0 355 892.5 0 3
n 320 890 0 330 910 0 3
n 315 890 0 320 912.5 0 3
n 310 890 0 315 897.5 0 3
n 372.5 887.5 0 385 890 0 3
n 312.5 887.5 0 325 890 0 3
n 430 885 -10 440 890 -10 2
n 427.5 885 -10 430 887.5 -10 2
n 385 885 0 390 890 0 3
n 377.5 885 0 382.5 887.5 0 2
n 325 885 0 330 890 0 3
n 317.5 885 0 322.5 887.5 0 2
n 457.5 882.5 -10 460 892.5 -10 3
n 440 882.5 -10 457.5 890 -10 2
n 382.5 882.5 0 385 887.5 0 2
n 375 882.5 0 377.5 887.5 0 2
n 322.5 882.5 0 325 887.5 0 2
n 315 882.5 0 317.5 887.5 0 2
n 385 877.5 0 387.5 885 0 2
n 372.5 877.5 0 375 887.5 0 2
n 325 877.5 0 327.5 885 0 2
n 312.5 877.5 0 315 887.5 0 2
n 387.5 875 0 390 885 0 3
n 382.5 875 0 387.5 877.5 0 2
n 372.5 875 0 377.5 877.5 0 2
n 327.5 875 0 330 885 0 3
n 322.5 875 0 327.5 877.5 0 2
n 312.5 875 0 317.5 877.5 0 2
n 372.5 872.5 0 385 875 0 2
n 312.5 872.5 0 325 875 0 2
n 310 872.5 0 312.5 890 0 3
n 385 870 0 390 875 0 3
n 372.5 870 0 385 872.5 0 3
n 340 870 0 372.5 890 1.19759 3
n 325 870 0 330 875 0 3
n 310 870 0 325 872.5 0 3
n 427.5 867.5 -10 430 885 -10 3
n 342.5 867.5 0 352.5 870 1.36414 3
n 430 865 -10 440 885 -10 3
n 352.5 865 1.35093 360 870 1.97168 3
n 347.5 865 0.8306931 352.5 867.5 1.53321 2
n 355 862.5 1.46335 357.5 865 1.46335 3
n 352.5 862.5 1.53441 355 865 1.53441 2
n 345 862.5 0.122867 347.5 867.5 0.125139 2
n 460 860 -10 480 890 -10 3
n 440 860 -10 460 882.5 -10 3
n 432.5 860 -10 440 865 -10 3
n 395 860 0 397.5 897.5 0 3
n 302.5 860 0 305 892.5 0 3
n 300 860 0 302.5 895 0 2
n 462.5 857.5 -10 465 860 -10 3
n 457.5 857.5 -10 462.5 860 -10 2
n 455 857.5 -10 457.5 860 -10 3
n 397.5 857.5 0 400 900 0 2
n 355 857.5 0.1555982 357.5 862.5 0.6428043 2
n 342.5 857.5 0 345 867.5 0 2
n 357.5 855 0.1184751 360 865 1.37899 3
n 352.5 855 0 357.5 857.5 2.384186E-07 2
n 462.5 852.5 -10 465 857.5 -10 2
n 455 852.5 -10 457.5 857.5 -10 2
n 395 852.5 0 397.5 860 0 2
n 347.5 852.5 0 355 855 0 2
n 342.5 852.5 0 347.5 857.5 0 2
n 340 852.5 0 342.5 870 0 3
n 465 850 -10 480 860 -10 3
n 462.5 850 -10 465 852.5 -10 3
n 457.5 850 -10 462.5 852.5 -10 2
n 455 850 -10 457.5 852.5 -10 3
n 442.5 850 -10 455 860 -10 3
n 395 850 0 402.5 852.5 0 2
n 390 850 0 395 940 0 3
n 355 850 0 360 855 0 3
n 350 850 0 355 852.5 0 3
n 310 850 0 330 870 0 3
n 300 850 0 305 860 0 2
n 420 847.5 -9.211319 440 850 -0.9404857 2
n 312.5 847.5 0 325 850 0 3
n 325 845 0 330 850 0 3
n 317.5 845 0 322.5 847.5 0 2
n 322.5 842.5 0 325 847.5 0 2
n 315 842.5 0 317.5 847.5 0 2
n 390 840 0 400 850 0 3
n 360 840 0 390 870 0.335592 3
n 350 840 0 360 850 0 3
n 340 840 0 350 852.5 0 3
n 325 837.5 0 327.5 845 0 2
n 312.5 837.5 0 315 847.5 0 2
n 327.5 835 0 330 845 0 3
n 322.5 835 0 327.5 837.5 0 2
n 400 832.5 0 420 847.5 0.2014813 3
n 317.5 832.5 0 325 835 0 2
n 312.5 832.5 0 317.5 837.5 0 2
n 310 832.5 0 312.5 850 0 3
n 440 830 -10 480 850 -9.76825 3
n 420 830 -9.21133 440 847.5 -0.9404857 3
n 340 830 0 400 840 0 3
n 325 830 0 330 835 0 3
n 310 830 0 325 832.5 0 3
n 462.5 827.5 -10 465 830 -10 3
n 457.5 827.5 -10 462.5 830 -10 2
n 455 827.5 -10 457.5 830 -10 3
n 397.5 827.5 0 402.5 830 0 2
n 360 827.5 0 362.5 830 0 3
n 342.5 827.5 0 352.5 830 0 3
n 360 825 0 362.5 827.5 0 2
n 355 825 0 360 830 0 2
n 347.5 825 0 352.5 827.5 0 2
n 462.5 822.5 -10 465 827.5 -10 2
n 455 822.5 -10 457.5 827.5 -10 2
n 352.5 822.5 0 355 830 0 2
n 345 822.5 0 347.5 827.5 0 2
n 302.5 822.5 0 305 850 0 3
n 300 822.5 0 302.5 850 0 2
n 465 820 -10 480 830 -10 3
n 462.5 820 -10 465 822.5 -10 3
n 457.5 820 -10 462.5 822.5 -10 2
n 455 820 -10 457.5 822.5 -10 3
n 442.5 820 -10 455 830 -10 3
n 395 820 0 397.5 830 0 2
n 362.5 820 0 395 830 0 3
n 355 820 0 362.5 825 0 2
n 305 820 0 310 892.5 0 3
n 437.5 817.5 -10 440 820 -10 3
n 355 817.5 0 357.5 820 0 2
n 342.5 817.5 0 345 827.5 0 2
n 305 817.5 0 307.5 820 0 3
n 357.5 815 0 360 820 0 3
n 352.5 815 0 357.5 817.5 0 2
n 342.5 815 0 347.5 817.5 0 2
n 342.5 812.5 0 355 815 0 2
n 340 812.5 0 342.5 830 0 3
n 307.5 812.5 0 310 820 0 3
n 305 812.5 0 307.5 817.5 0 2
n 360 810 0 397.5 820 0 3
n 355 810 0 360 815 0 3
n 340 810 0 355 812.5 0 3
n 310 810 0 330 830 0.5801871 3
n 300 810 0 305 822.5 0 2
n 372.5 807.5 0 385 810 0 3
n 312.5 807.5 0 325 810 0 3
n 432.5 805 -10 440 817.5 -10 3
n 385 805 0 397.5 810 0 3
n 377.5 805 0 382.5 807.5 0 2
n 325 805 0 330 810 0 3
n 317.5 805 0 322.5 807.5 0 2
n 437.5 802.5 -10 440 805 -10 3
n 382.5 802.5 0 385 807.5 0 2
n 375 802.5 0 377.5 807.5 0 2
n 322.5 802.5 0 325 807.5 0 2
n 315 802.5 0 317.5 807.5 0 2
n 440 800 -10 480 820 -10 3
n 435 800 -10 437.5 805 -10 2
n 442.5 797.5 -10 445 800 -10 3
n 440 797.5 -10 442.5 800 -10 2
n 385 797.5 0 387.5 805 0 2
n 325 797.5 0 327.5 805 0 2
n 312.5 797.5 0 315 807.5 0 2
n 445 795 -10 455 800 -10 3
n 437.5 795 -10 440 802.5 -10 2
n 387.5 795 0 397.5 805 0 3
n 382.5 795 0 387.5 797.5 0 2
n 375 795 0 377.5 797.5 0 2
n 372.5 795 0 375 807.5 0 2
n 327.5 795 0 330 805 0 3
n 322.5 795 0 327.5 797.5 0 2
n 312.5 795 0 317.5 797.5 0 2
n 450 792.5 -10 452.5 795 -10 3
n 445 792.5 -10 447.5 795 -10 2
n 440 792.5 -10 445 797.5 -10 2
n 372.5 792.5 0 385 795 0 2
n 312.5 792.5 0 325 795 0 2
n 310 792.5 0 312.5 810 0 3
n 455 790 -10 480 800 -10 3
n 447.5 790 -10 450 795 -10 2
n 385 790 0 397.5 795 0 3
n 372.5 790 0 385 792.5 0 3
n 340 790 0 372.5 810 0 3
n 325 790 0 330 795 0.5425801 3
n 310 790 0 325 792.5 0 3
n 455 787.5 -10 457.5 790 -10 3
n 452.5 787.5 -10 455 795 -10 3
n 450 787.5 -10 452.5 792.5 -10 2
n 342.5 787.5 0 355 790 0 3
n 457.5 785 -10 465 790 -10 3
n 455 785 -10 457.5 787.5 -10 2
n 355 785 0 360 790 0 3
n 347.5 785 0 352.5 787.5 0 2
n 457.5 782.5 -10 460 785 -10 2
n 352.5 782.5 0 355 787.5 0 2
n 345 782.5 0 347.5 787.5 0 2
n 462.5 780 -10 465 785 -10 3
n 460 780 -10 462.5 785 -10 2
n 462.5 777.5 -10 465 780 -10 2
n 355 777.5 0 357.5 785 0 2
n 342.5 777.5 0 345 787.5 0 2
n 357.5 775 0 360 785 0.6049161 3
n 352.5 775 0 357.5 777.5 0.8151262 2
n 342.5 775 0 347.5 777.5 0 2
n 455 772.5 -10 457.5 775 -10 2
n 342.5 772.5 0 355 775 0 2
n 340 772.5 0 342.5 790 0 3
n 360 770 0 397.5 790 0 3
n 355 770 -0.2792678 360 775 0.5902861 3
n 340 770 0 355 772.5 0.480806 3
n 310 770 0 330 790 0.5595081 3
n 465 767.5 -10 480 790 -10 3
n 372.5 767.5 0 385 770 0 3
n 315 767.5 0 325 770 0.6940291 3
n 385 765 0 397.5 770 0 3
n 377.5 765 0 382.5 767.5 0 2
n 325 765 0 330 770 0 3
n 317.5 765 0 322.5 767.5 0 2
n 310 765 0 315 770 0.992016 3
n 382.5 762.5 0 385 767.5 0 2
n 375 762.5 0 377.5 767.5 0 2
n 322.5 762.5 0 325 767.5 0 2
n 315 762.5 0 317.5 767.5 0.728088 2
n 385 757.5 0 387.5 765 0 2
n 372.5 757.5 0 375 767.5 0 2
n 325 757.5 0 327.5 765 0 2
n 312.5 757.5 0 315 765 0 2
n 387.5 755 0 397.5 765 0 3
n 382.5 755 0 387.5 757.5 0 2
n 372.5 755 0 377.5 757.5 0 2
n 327.5 755 0 330 765 0 3
n 322.5 755 0 327.5 757.5 0 2
n 312.5 755 0 317.5 757.5 0 2
n 310 755 0 312.5 765 0.623337 3
n 372.5 752.5 0 385 755 0 2
n 370 752.5 0 372.5 770 0 3
n 315 752.5 0 325 755 0 2
n 385 750 0 397.5 755 0 3
n 380 750 0 385 752.5 0 3
n 330 750 0 340 920 0.5223681 3
n 325 750 0 330 755 0 3
n 315 750 0 325 752.5 0 3
n 310 750 0 315 755 0 3
n 302.5 747.5 0 305 810 0 3
n 300 747.5 0 302.5 810 0 2
n 305 745 0 310 812.5 0 3
n 307.5 742.5 0 310 745 0 3
n 305 742.5 0 307.5 745 0 2
n 397.5 740 0 400 822.5 0 2
n 380 740 0 397.5 750 0 3
n 370 740 0 380 752.5 0 3
n 340 740 0 370 770 0 3
n 300 740 0 305 747.5 0 2
n 415 737.5 0 457.5 740 0 2
n 400 737.5 0 405 740 0 2
n 267.5 737.5 0 290 740 0 2
n 415 735 0 457.5 737.5 0 3
n 405 735 0 415 740 0 2
n 400 735 0 405 737.5 0 3
n 290 735 0 305 740 0 2
n 267.5 735 0 290 737.5 0 3
n 260 735 0 267.5 740 0 2
n 302.5 732.5 0 305 735 0 3
n 290 732.5 0 302.5 735 0.5627179 2
n 310 730 0 320 750 0 3
n 305 730 0 310 742.5 0 3
n 300 730 0 305 732.5 0 3
n 457.5 720 0 460 740 0 2
n 400 720 0 457.5 735 0 3
n 340 720 0 400 740 0.5854682 3
n 320 720 0 340 750 0 3
n 300 720 0 320 730 0 3
n 290 720 0 300 732.5 0 3
n 262.5 720 -0.02112937 290 735 0.747556 3
n 260 720 0 262.5 735 0 2
g 240 960 0 480 1200 0 435768
n 370 1195 0 380 1200 0 3
n 380 1180 -71.311 460 1200 1.66893E-06 2
n 260 1180 -71.311 342.5 1200 1.66893E-06 2
n 410 1167.5 -71.311 450 1180 -71.311 2
n 270 1167.5 -71.311 310 1180 -71.311 2
n 450 1160 -71.311 460 1180 -71.311 2
n 380 1160 -71.311 410 1180 1.66893E-06 2
n 310 1160 -71.311 342.5 1180 1.59662 2
n 260 1160 -71.311 270 1180 1.66893E-06 2
n 392.5 1157.5 0 400 1160 4.768372E-07 2
n 320 1157.5 0.4723392 325 1160 0.4932032 2
n 380 1155 1.59662 385 1160 1.596621 2
n 377.5 1155 0 380 1195 1.59662 2
n 370 1155 0 377.5 1195 2.09845 3
n 342.5 1155 0 350 1200 1.59662 3
n 325 1155 0.0835278 342.5 1160 2.12953 2
n 330 1150 0 335 1155 2.05038 3
n 327.5 1150 0 330 1155 0.175014 2
n 390 1147.5 -0.0008833408 392.5 1160 1.59662 2
n 330 1147.5 0 332.5 1150 0 3
n 380 1145 0 385 1155 1.59662 3
n 332.5 1145 0 335 1150 0 3
n 330 1145 0 332.5 1147.5 0 2
n 325 1145 0 330 1150 0 2
n 382.5 1142.5 0 385 1145 0 3
n 380 1140 -0.06754637 382.5 1145 1.59662 3
n 370 1140 1.59662 380 1155 2.09845 3
n 325 1140 0 335 1145 0 2
n 320 1140 0 325 1147.5 0 2
n 240 1140 0 260 1200 2.384186E-07 2
n 335 1135 0 340 1155 2.10218 3
n 255 1135 0 260 1140 0 2
n 335 1132.5 0 337.5 1135 0 3
n 332.5 1132.5 0 335 1140 0 3
n 370 1130 0 382.5 1140 2.09845 3
n 340 1130 0 350 1155 1.99091 3
n 337.5 1130 0 340 1135 0 3
n 255 1130 0 257.5 1135 0 2
n 240 1130 0 255 1140 2.384186E-07 2
n 390 1127.5 0 400 1147.5 0 2
n 382.5 1127.5 0 385 1142.5 0 2
n 377.5 1127.5 0 382.5 1130 1.59662 3
n 337.5 1127.5 0 342.5 1130 0 3
n 335 1127.5 0 337.5 1132.5 0 2
n 320 1127.5 0 332.5 1140 0 2
n 377.5 1122.5 1.59662 380 1127.5 1.59662 2
n 375 1122.5 1.59662 377.5 1130 1.59662 3
n 420 1120 -23.3936 435 1125 -9.638849 2
n 385 1120 -0.0008833408 390 1160 1.59662 2
n 380 1120 0 385 1127.5 0 2
n 332.5 1120 0 335 1132.5 0 2
n 335 1117.5 0 340 1127.5 2.10133 2
n 280 1117.5 -25.7506 290 1122.5 -9.591419 2
n 422.5 1112.5 -9.670148 425 1120 -9.365888 3
n 420 1112.5 -9.670148 422.5 1120 -9.365888 2
n 425 1110 -9.670148 430 1120 -8.197059 3
n 420 1110 -8.197059 425 1112.5 -8.197049 3
n 412.5 1110 0 415 1120 0.557318 2
n 342.5 1110 1.59662 345 1130 3.03707 3
n 340 1110 4.768372E-07 342.5 1127.5 3.40966 2
n 290 1110 -25.7506 300 1122.5 -8.19707 2
n 432.5 1107.5 -9.670148 435 1120 -7.02823 2
n 430 1107.5 -9.670148 432.5 1120 -7.02823 3
n 370 1107.5 1.59662 375 1130 2.66614 3
n 292.5 1107.5 -7.02823 295 1110 -7.02823 2
n 290 1107.5 -7.028219 292.5 1110 -7.028219 3
n 345 1105 1.59662 350 1130 2.49256 3
n 340 1105 2.20553 345 1110 3.12015 2
n 375 1102.5 1.59662 380 1122.5 3.29187 2
n 372.5 1102.5 2.01279 375 1107.5 2.16505 2
n 347.5 1102.5 2.10133 350 1105 2.10133 3
n 340 1102.5 2.14485 347.5 1105 2.16392 2
n 430 1100 -5.859389 435 1107.5 -3.52171 3
n 420 1100 -7.028219 430 1110 -3.52171 3
n 415 1100 0 420 1120 0.5573192 2
n 370 1100 2.01835 372.5 1107.5 2.6122 2
n 350 1100 -0.07889843 370 1200 2.48229 3
n 280 1100 -9.670148 290 1117.5 -3.52171 3
n 240 1100 0 257.5 1130 2.384186E-07 2
n 367.5 1097.5 2.06382 370 1100 2.06382 3
n 405 1095 0 420 1100 2.96264 2
n 302.5 1095 2.83588 310 1100 2.83588 2
n 295 1095 -7.028239 300 1110 -1.18404 2
n 290 1095 -5.859389 295 1107.5 -1.18404 3
n 407.5 1092.5 0 420 1095 2.96264 2
n 302.5 1092.5 2.83588 307.5 1095 2.83588 2
n 297.5 1092.5 -0.01521397 300 1095 -0.01521397 2
n 280 1092.5 -2.35288 285 1100 -0.01521349 3
n 252.5 1092.5 0 262.5 1095 2.384186E-07 2
n 400 1090 0 405 1100 0 2
n 310 1090 0 320 1100 0 2
n 307.5 1090 2.83588 310 1095 2.83588 2
n 297.5 1090 0.4053252 300 1092.5 0.4053252 3
n 290 1090 -0.01521349 297.5 1095 0.4053252 3
n 262.5 1090 0 265 1095 0 2
n 400 1087.5 0 402.5 1090 0 2
n 307.5 1087.5 0 312.5 1090 2.83588 2
n 285 1087.5 -2.35288 290 1100 0.4053252 3
n 280 1087.5 0.3730443 282.5 1092.5 0.4053252 2
n 435 1085 -23.3936 440 1125 0.4053252 2
n 402.5 1085 0 405 1090 4.768372E-07 2
n 367.5 1085 1.83718 370 1087.5 1.83718 3
n 360 1085 0.192991 367.5 1100 2.03112 3
n 307.5 1085 0.2741053 310 1087.5 0.2741053 3
n 300 1085 0 307.5 1092.5 2.83588 3
n 282.5 1085 0 285 1092.5 0.4053252 2
n 260 1085 0 265 1090 0 2
n 257.5 1085 0 260 1087.5 0 2
n 250 1085 2.384186E-07 252.5 1092.5 2.384186E-07 2
n 435 1082.5 0 437.5 1085 0 2
n 405 1082.5 0 407.5 1095 0.9579701 2
n 287.5 1082.5 0 290 1087.5 0 2
n 257.5 1082.5 0 262.5 1085 0 2
n 252.5 1082.5 2.384186E-07 255 1085 2.384186E-07 2
n 437.5 1080 0 440 1085 0 2
n 435 1080 0 437.5 1082.5 0 3
n 420 1080 -2.35288 435 1100 0.4053252 3
n 312.5 1080 0 320 1090 0.2240856 2
n 287.5 1080 0 290 1082.5 0 3
n 285 1080 0 287.5 1087.5 0 2
n 255 1080 0 257.5 1087.5 0 2
n 407.5 1077.5 -0.08178329 410 1092.5 0.639461 3
n 405 1077.5 0.9427361 407.5 1080 0.9427361 2
n 312.5 1077.5 0 325 1080 1.53686 2
n 310 1077.5 0 312.5 1087.5 0.2745731 3
n 282.5 1077.5 0 285 1080 0 2
n 402.5 1075 0 405 1077.5 0 2
n 392.5 1075 0 395 1080 0 2
n 285 1075 0 290 1080 0 3
n 280 1075 0 285 1077.5 0 3
n 257.5 1075 0 277.5 1077.5 0 3
n 250 1075 2.384186E-07 255 1082.5 2.384186E-07 2
n 352.5 1072.5 0.192991 355 1100 2.04901 3
n 350 1072.5 0.192992 352.5 1087.5 2.04303 2
n 322.5 1072.5 0 327.5 1077.5 0 2
n 320 1072.5 0 322.5 1077.5 0 3
n 395 1070 0 402.5 1080 0 2
n 380 1070 0 382.5 1077.5 0 3
n 370 1070 0.192991 375 1077.5 0.192992 3
n 360 1070 0.192991 370 1085 1.83718 3
n 355 1070 0.192991 360 1100 2.04303 3
n 350 1070 0.192992 355 1072.5 0.192992 3
n 345 1070 0 350 1077.5 0.192992 2
n 310 1070 0 320 1077.5 0 3
n 300 1070 0 310 1085 0.2933302 3
n 255 1070 0 277.5 1075 0 3
n 252.5 1070 2.384186E-07 255 1075 2.384186E-07 2
n 402.5 1067.5 0 405 1075 0 3
n 397.5 1067.5 0 402.5 1070 0 2
n 380 1067.5 0 382.5 1070 0 2
n 375 1067.5 0 380 1077.5 0 3
n 277.5 1067.5 0 280 1077.5 0 3
n 262.5 1067.5 0 277.5 1070 0 3
n 325 1065 0 327.5 1072.5 0.1142673 3
n 392.5 1062.5 0 395 1067.5 0 2
n 337.5 1062.5 0 345 1077.5 0.1046612 2
n 325 1062.5 0.1940563 327.5 1065 0.1940563 2
n 420 1060 0 440 1080 0 3
n 410 1060 0 420 1092.5 2.96264 3
n 395 1060 0 405 1067.5 0 2
n 382.5 1060 0 395 1062.5 0 2
n 375 1060 0 382.5 1067.5 0 2
n 280 1060 0 290 1075 0 3
n 402.5 1057.5 0 405 1060 0 3
n 397.5 1057.5 0 402.5 1060 0 2
n 282.5 1057.5 0 290 1060 0 3
n 375 1055 0 397.5 1060 0 2
n 345 1055 0 350 1070 0.192992 3
n 342.5 1055 0 345 1062.5 0 3
n 325 1055 0 342.5 1062.5 0.6185191 2
n 282.5 1055 0 285 1057.5 0 2
n 250 1055 2.384186E-07 255 1070 2.384186E-07 2
n 382.5 1052.5 0 392.5 1055 0 2
n 325 1052.5 0.1046612 337.5 1055 1.15658 2
n 287.5 1052.5 0 290 1057.5 0 2
n 255 1052.5 0 262.5 1070 0 3
n 410 1050 0 430 1060 0 3
n 405 1050 0 410 1077.5 0 3
n 400 1050 0 405 1057.5 0 3
n 350 1050 0.192992 360 1070 0.192992 3
n 340 1050 0 350 1055 0.192991 3
n 325 1050 1.54643 327.5 1052.5 1.54643 3
n 320 1050 0 325 1072.5 0.826088 3
n 337.5 1047.5 0 340 1055 0 2
n 252.5 1047.5 2.384186E-07 255 1055 2.384186E-07 2
n 430 1045 0 440 1060 0.7594452 3
n 255 1045 0 260 1052.5 0 2
n 397.5 1042.5 0 400 1057.5 0 3
n 392.5 1042.5 0 397.5 1055 0 2
n 257.5 1042.5 0 260 1045 0 2
n 460 1040 -71.311 480 1200 1.66893E-06 2
n 260 1040 0 262.5 1052.5 0 2
n 392.5 1037.5 0 395 1042.5 0 3
n 337.5 1037.5 0 340 1047.5 0.05972815 3
n 395 1035 0 400 1042.5 0 3
n 385 1035 0 395 1037.5 0 3
n 382.5 1035 0 385 1037.5 0 2
n 375 1035 0 382.5 1055 0 2
n 327.5 1035 0 340 1037.5 0.1807911 3
n 320 1035 0 327.5 1050 0.7857001 3
n 282.5 1032.5 0 285 1037.5 0 2
n 375 1030 0 400 1035 0.8151441 3
n 360 1030 0.192991 375 1070 0.192992 3
n 320 1030 0 340 1035 1.61416 3
n 287.5 1030 0 290 1052.5 0 3
n 285 1030 0 287.5 1057.5 0 2
n 432.5 1027.5 -0.3895221 440 1045 1.73609 2
n 430 1027.5 0 432.5 1045 0.7065322 3
n 382.5 1027.5 0 392.5 1030 0.12784 3
n 327.5 1027.5 0 337.5 1030 1.46401 3
n 430 1020 4.768372E-07 440 1027.5 1.90965 3
n 400 1020 0 430 1050 0.6801381 3
n 392.5 1020 -0.1948695 400 1030 0.9421101 3
n 340 1020 0 360 1050 1.89883 3
n 337.5 1020 0.04655623 340 1030 1.65111 3
n 280 1020 0 285 1032.5 0 2
n 392.5 1017.5 1.24019 397.5 1020 1.25257 3
n 275 1017.5 0 285 1020 0 2
n 450 1015 0 460 1020 0.9446762 2
n 285 1015 0 290 1030 0 3
n 280 1015 0 285 1017.5 0 3
n 392.5 1012.5 1.68378 397.5 1017.5 2.04339 2
n 380 1012.5 0 382.5 1030 0.9114611 3
n 337.5 1012.5 0 342.5 1020 0.771771 2
n 452.5 1010 0 460 1015 3.46125 2
n 450 1010 0 452.5 1015 0.3990211 3
n 397.5 1010 0.2930403 400 1020 1.74801 3
n 390 1010 1.23649 397.5 1012.5 1.53701 2
n 342.5 1010 0 360 1020 1.89408 3
n 335 1010 0 342.5 1012.5 0 2
n 327.5 1010 0 335 1012.5 0 3
n 320 1010 0 327.5 1030 0 3
n 300 1005 0 320 1070 0.3008232 3
n 300 1002.5 0 317.5 1005 0 3
n 400 1000 0 440 1020 0.3803492 3
n 390 1000 0 400 1010 0.4859061 3
n 380 1000 0 390 1012.5 1.08622 3
n 360 1000 0 380 1030 0.7067564 3
n 320 1000 0 360 1010 0.192992 3
n 290 1000 -0.1152678 300 1090 0.3306532 3
n 382.5 997.5 0.104661 392.5 1000 0.125401 3
n 325 997.5 0 330 1000 0 3
n 300 997.5 0 307.5 1002.5 4.768372E-07 2
n 295 997.5 0 300 1000 0 3
n 455 995 0 457.5 1010 0 2
n 450 995 0 455 1010 0 3
n 415 995 0 440 1000 0 3
n 392.5 995 0.1046612 400 1000 0.1372452 3
n 330 995 0 340 1000 0 2
n 327.5 995 0 330 997.5 0 2
n 290 995 0 295 1000 0 3
n 275 995 0 280 1017.5 0 3
n 270 995 0 275 1020 0 2
n 432.5 992.5 0 437.5 995 0 3
n 420 992.5 0 425 995 0 2
n 392.5 992.5 0.282485 397.5 995 0.3690214 2
n 380 992.5 0.104661 382.5 1000 0.1046612 3
n 317.5 992.5 0 320 1005 0 3
n 315 992.5 0 317.5 1002.5 0 2
n 437.5 990 0 440 995 0 3
n 417.5 990 0 420 995 0 2
n 415 990 0 417.5 995 0 3
n 400 990 0 415 1000 0.1852221 3
n 320 990 0 325 1000 0 3
n 315 990 0 320 992.5 0 3
n 310 990 0 315 1002.5 0.7827661 2
n 270 990 0 272.5 995 0 2
n 260 990 0 270 1020 0 2
n 397.5 987.5 0.1967814 400 995 0.8024511 3
n 437.5 985 0 440 990 0 2
n 312.5 985 -0.146033 325 990 4.768372E-07 3
n 310 985 -0.002133131 312.5 990 -0.002133131 2
n 292.5 985 0 295 995 0 2
n 290 985 0 292.5 995 0 3
n 435 982.5 0 440 985 0 2
n 397.5 982.5 0.1310761 400 987.5 0.7814982 2
n 342.5 982.5 0 345 1000 0.8102379 3
n 340 982.5 0 342.5 1000 0 2
n 325 982.5 0 327.5 997.5 0 2
n 307.5 982.5 -0.002133131 310 1002.5 4.768372E-07 2
n 450 980 0 460 995 1.1083 3
n 440 980 -0.3606148 450 1020 0.3578012 3
n 432.5 980 0 440 982.5 0 3
n 420 980 0 422.5 982.5 0 3
n 400 980 0 420 990 0.8290491 3
n 392.5 980 0 400 982.5 0.1046612 2
n 380 980 0 382.5 982.5 0 3
n 345 980 -1.00138 380 1000 1.62567 3
n 340 980 0 345 982.5 0 3
n 325 980 0 327.5 982.5 0 3
n 310 980 -0.002133131 325 985 0 3
n 295 980 -0.002133131 310 982.5 4.768372E-07 3
n 290 980 0 295 985 0 3
n 280 980 0 290 1015 0 3
n 272.5 980 0 280 995 0 3
n 260 980 0 272.5 990 0 2
n 260 970 0 280 980 0 2
n 272.5 967.5 0 280 970 0 2
n 272.5 965 0 280 967.5 0 3
n 260 965 0 272.5 970 0 2
n 477.5 960 0 480 1037.5 0 2
n 280 960 0 460 980 1.07584 3
n 260 960 0 280 965 0 3
g 240 1200 0 480 1440 0 435772
n 280 1400 0 440 1440 0 2
n 380 1390 0 420 1400 0 2
n 280 1390 0 330 1400 0 2
n 392.5 1387.5 0 397.5 1390 0 2
n 307.5 1387.5 0 315 1390 0 2
n 282.5 1387.5 0 300 1390 0 2
n 405 1385 0 415 1390 0 2
n 380 1385 0 392.5 1390 0 2
n 315 1385 0 330 1390 0 2
n 307.5 1385 0 315 1387.5 0 3
n 300 1385 0 307.5 1390 0 3
n 407.5 1382.5 0 412.5 1385 0 2
n 397.5 1382.5 0 400 1390 0 2
n 382.5 1382.5 0 392.5 1385 0 2
n 325 1382.5 0 327.5 1385 0 2
n 330 1380 0 380 1400 0 2
n 327.5 1380 0 330 1385 0 2
n 325 1380 0 327.5 1382.5 0 3
n 300 1380 0 325 1385 0 3
n 295 1380 0 300 1387.5 0 3
n 412.5 1377.5 0 415 1385 0 2
n 307.5 1377.5 0 312.5 1380 0 3
n 297.5 1377.5 0 300 1380 0 2
n 295 1377.5 0 297.5 1380 0 3
n 415 1375 0 420 1390 0 2
n 407.5 1375 0 415 1377.5 0 2
n 405 1375 0 407.5 1385 0 2
n 390 1375 0 395 1382.5 0 2
n 350 1375 0 365 1380 0 2
n 312.5 1375 0 320 1380 0 3
n 307.5 1375 0 312.5 1377.5 0 2
n 300 1375 0 307.5 1380 0 2
n 295 1375 0 300 1377.5 0 2
n 282.5 1375 0 295 1387.5 0 3
n 280 1375 0 282.5 1390 0 2
n 390 1372.5 0 392.5 1375 0 2
n 362.5 1372.5 0 365 1375 0 2
n 330 1372.5 0 332.5 1380 0 3
n 315 1372.5 0 317.5 1375 0 3
n 400 1370 0 405 1390 0 2
n 365 1370 0 380 1380 0 2
n 350 1370 0 352.5 1375 0 2
n 332.5 1370 0 350 1380 0 2
n 320 1370 0 330 1380 0 3
n 317.5 1370 0 320 1375 0 3
n 315 1370 0 317.5 1372.5 0 2
n 310 1370 0 315 1375 0 2
n 392.5 1367.5 0 395 1375 0 2
n 332.5 1367.5 0 342.5 1370 0 2
n 320 1367.5 0 322.5 1370 0 3
n 380 1365 0 382.5 1385 0 2
n 345 1365 0 347.5 1370 0 2
n 387.5 1362.5 0 390 1365 0 2
n 365 1362.5 0 375 1370 0 2
n 320 1362.5 0 322.5 1367.5 0 2
n 390 1360 0 395 1367.5 0 2
n 345 1360 0 350 1365 0 2
n 342.5 1360 0 345 1370 0 2
n 330 1360 0 332.5 1372.5 0 2
n 392.5 1357.5 0 395 1360 0 2
n 322.5 1357.5 0 325 1370 0 3
n 395 1355 0 400 1382.5 0 2
n 367.5 1355 0 370 1357.5 0 2
n 362.5 1352.5 0 365 1355 0 2
n 332.5 1352.5 0 335 1357.5 0 2
n 330 1352.5 0 332.5 1360 0 3
n 410 1350 0 420 1375 0 2
n 380 1350 0 385 1365 0 2
n 365 1350 0 370 1355 0 2
n 350 1350 0 365 1352.5 0 2
n 340 1350 0 350 1360 0 2
n 335 1350 0 340 1357.5 0 2
n 325 1350 0 330 1370 0 3
n 320 1350 0 322.5 1355 0 2
n 310 1350 0 320 1370 0 2
n 410 1347.5 0 415 1350 0 2
n 387.5 1347.5 0 395 1350 0 2
n 385 1347.5 0 387.5 1365 0 2
n 335 1347.5 0 337.5 1350 0 2
n 327.5 1347.5 0 330 1350 0 3
n 312.5 1347.5 0 320 1350 0 2
n 415 1345 0 420 1350 0 2
n 395 1345 0 400 1350 0 2
n 382.5 1345 0 385 1350 0 2
n 375 1345 0 380 1370 0 2
n 370 1345 0 375 1357.5 0 2
n 337.5 1345 0 350 1350 0 2
n 335 1345 0 337.5 1347.5 0 3
n 330 1345 0 335 1352.5 0 3
n 327.5 1345 0 330 1347.5 0 2
n 320 1345 0 327.5 1350 0 2
n 310 1345 0 312.5 1350 0 2
n 382.5 1342.5 0 385 1345 0 3
n 372.5 1342.5 0 382.5 1345 0 2
n 340 1342.5 0 342.5 1345 0 2
n 330 1342.5 0 332.5 1345 0 3
n 420 1340 0 440 1400 0 2
n 410 1340 0 412.5 1342.5 0 2
n 400 1340 0 410 1370 0 2
n 395 1340 0 397.5 1345 0 3
n 385 1340 0 395 1347.5 0 3
n 372.5 1340 0 385 1342.5 0 3
n 370 1340 0 372.5 1345 0 2
n 342.5 1340 0 350 1345 0 2
n 340 1340 0 342.5 1342.5 0 3
n 332.5 1340 0 340 1345 0 3
n 330 1340 0 332.5 1342.5 0 2
n 320 1340 0 330 1345 0 2
n 317.5 1340 0 320 1342.5 0 2
n 280 1340 0 310 1375 0 2
n 420 1337.5 0 422.5 1340 0 2
n 392.5 1337.5 0 397.5 1340 0 3
n 350 1337.5 0 370 1350 0 2
n 345 1337.5 0 347.5 1340 0 2
n 335 1337.5 0 337.5 1340 0 3
n 400 1335 0 412.5 1340 0 2
n 392.5 1335 0 397.5 1337.5 0 2
n 390 1335 0 392.5 1340 0 3
n 347.5 1335 0 350 1340 0 2
n 345 1335 0 347.5 1337.5 0 3
n 337.5 1335 0 340 1340 0 3
n 335 1335 0 337.5 1337.5 0 2
n 317.5 1335 0 320 1337.5 0 2
n 310 1335 0 317.5 1342.5 0 2
n 290 1335 0 305 1340 0 2
n 407.5 1332.5 0 412.5 1335 0 2
n 400 1332.5 0 402.5 1335 0 2
n 397.5 1332.5 0 400 1345 0 2
n 305 1332.5 0 310 1340 0 2
n 292.5 1332.5 0 297.5 1335 0 2
n 402.5 1330 0 405 1335 0 2
n 370 1330 0 390 1340 0 3
n 360 1330 0 370 1337.5 0 3
n 345 1330 0 350 1335 0 3
n 340 1330 0 345 1340 0 3
n 335 1330 0 340 1335 0 2
n 320 1330 0 335 1340 0 2
n 310 1330 0 320 1335 0 2
n 297.5 1330 0 305 1335 0 2
n 340 1327.5 0 342.5 1330 0 3
n 297.5 1327.5 0 302.5 1330 0 2
n 290 1327.5 0 292.5 1335 0 2
n 422.5 1325 0 430 1340 0 2
n 405 1325 0 407.5 1335 0 2
n 342.5 1325 0 350 1330 0 3
n 340 1325 0 342.5 1327.5 0 2
n 312.5 1325 0 320 1330 0 2
n 387.5 1322.5 0 390 1330 0 2
n 345 1322.5 0 347.5 1325 0 3
n 312.5 1322.5 0 317.5 1325 0 2
n 430 1320 0 440 1340 0 2
n 420 1320 0 430 1325 0 2
n 410 1320 0 412.5 1325 0 2
n 390 1320 0 395 1325 0 2
n 387.5 1320 0 390 1322.5 0 3
n 380 1320 0 387.5 1330 0 3
n 345 1320 0 347.5 1322.5 0 2
n 340 1320 0 345 1325 0 2
n 320 1320 0 340 1330 0 2
n 317.5 1320 0 320 1325 0 2
n 302.5 1320 0 310 1322.5 0 2
n 290 1320 0 302.5 1327.5 0 2
n 280 1320 0 290 1340 0 2
n 240 1320 -1.573563E-05 280 1440 2.384186E-07 2
n 392.5 1317.5 0 395 1320 0 2
n 390 1317.5 0 392.5 1320 0 3
n 342.5 1317.5 0 347.5 1320 0 2
n 332.5 1317.5 0 335 1320 0 2
n 297.5 1317.5 0 300 1320 0 2
n 415 1315 0 420 1317.5 0 2
n 270 1315 0 280 1320 0 2
n 330 1312.5 -0.03391981 332.5 1320 0 2
n 285 1312.5 -0.03391981 297.5 1320 0 2
n 277.5 1312.5 0 280 1315 0 2
n 395 1310 0 410 1325 0 2
n 390 1310 0 395 1317.5 0 3
n 380 1310 0 390 1320 0 3
n 315 1310 -1.63802 330 1320 0 2
n 307.5 1310 -0.03391981 315 1312.5 -0.03391957 2
n 270 1310 0 277.5 1315 0 2
n 402.5 1305 0 410 1310 0 2
n 347.5 1305 -0.03391981 350 1325 0 3
n 345 1305 -0.03391981 347.5 1312.5 0 2
n 340 1305 -0.03391933 342.5 1307.5 -0.03391933 2
n 342.5 1302.5 -0.03391981 345 1310 -0.03391981 2
n 270 1302.5 0 272.5 1310 0 2
n 420 1300 0 440 1320 0 2
n 410 1300 0 420 1315 2.384186E-07 2
n 400 1300 0 410 1305 0 2
n 380 1300 0 392.5 1310 2.384186E-07 3
n 330 1300 -0.03391981 332.5 1302.5 -0.03391981 2
n 305 1300 -0.03392053 330 1310 -0.03391933 2
n 295 1300 -0.03391981 297.5 1302.5 -0.03391981 2
n 285 1300 -0.03391981 295 1305 0 2
n 280 1300 0 285 1302.5 0 2
n 270 1300 2.384186E-07 275 1302.5 2.384186E-07 2
n 240 1300 0 270 1320 2.384186E-07 2
n 420 1297.5 0 427.5 1300 0 2
n 392.5 1297.5 0 400 1310 0 2
n 387.5 1297.5 2.384186E-07 390 1300 2.384186E-07 3
n 342.5 1297.5 -0.03391981 345 1302.5 -0.03391838 3
n 332.5 1297.5 -0.03391981 335 1302.5 -0.03391981 2
n 317.5 1297.5 -0.03391981 322.5 1300 -0.03391981 2
n 315 1297.5 -0.0339191 317.5 1300 -0.0339191 3
n 307.5 1297.5 -0.03391981 310 1300 -0.03391981 2
n 400 1295 0 417.5 1300 2.384186E-07 2
n 387.5 1295 0 390 1297.5 0 2
n 380 1295 0 387.5 1300 2.384186E-07 3
n 345 1295 -0.03391981 350 1305 -1.66893E-06 3
n 332.5 1295 -0.03391981 345 1297.5 -1.66893E-06 3
n 322.5 1295 -0.03391981 332.5 1300 -0.03391981 2
n 320 1295 -0.03391981 322.5 1297.5 -0.03391981 3
n 407.5 1292.5 0 417.5 1295 0 2
n 382.5 1292.5 0 385 1295 0 3
n 300 1292.5 -0.03392029 307.5 1300 -0.03391957 2
n 310 1290 -0.03392029 315 1300 -0.03391933 3
n 307.5 1290 -0.03392029 310 1297.5 -0.03391981 3
n 280 1290 -0.03391981 300 1300 0 2
n 390 1287.5 0 392.5 1300 0 2
n 312.5 1287.5 -0.03391981 315 1290 -0.03391981 3
n 310 1287.5 -0.03391981 312.5 1290 -0.03391981 2
n 335 1285 -0.03391981 350 1295 0 3
n 315 1285 -0.03392029 320 1297.5 -0.03391981 3
n 335 1282.5 0 342.5 1285 0 3
n 312.5 1282.5 -0.03391981 315 1287.5 -0.03391981 2
n 280 1282.5 0 285 1290 0 2
n 427.5 1280 0 430 1300 0 2
n 400 1280 0 402.5 1287.5 0 2
n 382.5 1280 0 385 1292.5 0 2
n 380 1280 0 382.5 1295 0 3
n 342.5 1280 0 350 1285 2.384186E-07 3
n 335 1280 0 342.5 1282.5 0 2
n 320 1280 -0.03391981 335 1295 0.05627608 3
n 317.5 1280 -0.03391981 320 1285 -0.03391981 3
n 315 1280 -0.03391981 317.5 1285 -0.03391957 2
n 300 1280 -0.03391981 305 1285 -0.03391981 2
n 285 1280 -0.03391981 300 1290 0 2
n 415 1277.5 0 417.5 1280 0 2
n 345 1277.5 0 347.5 1280 0 3
n 320 1277.5 -0.03391981 322.5 1280 -0.03391981 3
n 292.5 1277.5 -0.03391981 300 1280 0 2
n 320 1275 -0.03391981 322.5 1277.5 -0.03391981 2
n 315 1275 -0.03391981 320 1280 -0.03391981 2
n 300 1275 -0.03391981 307.5 1280 -0.03391981 2
n 422.5 1272.5 0 425 1277.5 0 2
n 332.5 1272.5 -1.66893E-06 335 1280 0 2
n 415 1270 0 422.5 1277.5 0 2
n 400 1270 0 415 1280 2.384186E-07 2
n 390 1270 0 400 1287.5 0 2
n 385 1270 0 390 1295 0 2
n 332.5 1270 0 335 1272.5 0 3
n 325 1270 -0.03391981 332.5 1280 0.05627608 3
n 292.5 1270 0 300 1272.5 0 2
n 285 1270 0 292.5 1280 2.384186E-07 2
n 280 1270 -71.311 285 1277.5 7.152557E-07 2
n 385 1267.5 0 387.5 1270 0 2
n 347.5 1267.5 0 350 1280 2.33199 3
n 345 1267.5 0 347.5 1277.5 0.4915571 2
n 425 1265 0 430 1280 0 2
n 387.5 1265 0 400 1270 0 2
n 385 1265 0 387.5 1267.5 0 3
n 380 1265 0 385 1280 0 3
n 335 1265 0 345 1280 2.384186E-07 2
n 315 1265 0 322.5 1275 2.384186E-07 2
n 390 1262.5 0 392.5 1265 0 2
n 342.5 1262.5 0 345 1265 0 3
n 335 1262.5 0 342.5 1265 0 2
n 322.5 1262.5 -0.03391981 325 1280 1.430511E-06 3
n 317.5 1262.5 0 322.5 1265 0 2
n 430 1260 0 440 1300 2.384186E-07 2
n 415 1260 0 430 1265 0 2
n 350 1260 0 360 1337.5 1.62378 3
n 345 1260 0 350 1267.5 0 3
n 335 1260 0 345 1262.5 0 3
n 325 1260 0 335 1270 0 3
n 317.5 1260 0 325 1262.5 0 3
n 315 1260 0 317.5 1265 0 2
n 417.5 1255 0 420 1260 0 2
n 400 1255 0 405 1257.5 0 2
n 392.5 1255 0 400 1265 0 2
n 390 1255 0 392.5 1262.5 0 3
n 380 1255 0 390 1265 0 3
n 315 1255 0 330 1260 2.384186E-07 3
n 387.5 1252.5 0 390 1255 0 2
n 382.5 1252.5 0 387.5 1255 0 3
n 315 1252.5 0 327.5 1255 2.384186E-07 3
n 327.5 1250 0 330 1255 2.384186E-07 3
n 315 1250 0 327.5 1252.5 0 2
n 310 1250 -1.66893E-06 315 1275 2.384186E-07 2
n 330 1245 0 340 1260 2.384186E-07 3
n 310 1245 0 320 1250 0 2
n 330 1242.5 0 332.5 1245 0 3
n 312.5 1242.5 0 320 1245 0 2
n 420 1240 0 440 1260 2.384186E-07 2
n 410 1240 0 420 1255 2.384186E-07 2
n 332.5 1240 0 340 1245 0 3
n 330 1240 0 332.5 1242.5 0 2
n 320 1240 0 330 1250 0 2
n 280 1240 -71.311 300 1270 2.384186E-07 2
n 240 1240 -71.311 280 1300 3.099442E-06 2
n 310 1237.5 0 312.5 1245 0 2
n 425 1235 0 430 1240 0 2
n 415 1235 0 420 1240 0 2
n 410 1235 0 412.5 1240 0 2
n 430 1230 0 440 1240 0 2
n 410 1230 0 430 1235 0 2
n 400 1230 0 410 1255 2.384186E-07 2
n 382.5 1230 0 385 1252.5 0.55358 2
n 380 1230 0 382.5 1255 0.55358 3
n 310 1230 0 320 1237.5 0 2
n 300 1230 -71.311 310 1275 1.430511E-06 2
n 337.5 1220 0 340 1240 0.55358 3
n 320 1220 0 337.5 1240 0.5535803 2
n 380 1215 0.1053782 385 1230 0.55358 3
n 382.5 1212.5 0.55358 385 1215 0.55358 2
n 380 1212.5 0.5535803 382.5 1215 0.5535803 3
n 390 1210 -71.311 400 1255 0.5535841 2
n 385 1210 -71.31099 390 1252.5 0.5535841 2
n 380 1210 0.4482024 385 1212.5 0.4482031 2
n 340 1210 0 360 1260 0.5535803 3
n 440 1200 -71.311 480 1440 1.192093E-06 2
n 400 1200 -71.311 440 1230 0 2
n 380 1200 -71.311 400 1210 3.099442E-06 2
n 360 1200 0 380 1330 0.8132412 3
n 342.5 1200 0 360 1210 0.55358 3
n 340 1200 0 342.5 1210 2.384186E-07 2
n 320 1200 -72.41 340 1220 0.5535829 2
n 300 1200 -72.41 320 1230 0 2
n 240 1200 -71.311 300 1240 0.0008568764 2
g 240 480 0 480 720 0 405791
n 320 715 0 335 720 0 3
n 322.5 712.5 0 332.5 715 0 3
n 332.5 710 0 335 715 0 3
n 322.5 710 0 332.5 712.5 0 2
n 320 710 0 322.5 715 0 3
n 310 710 0 320 720 0 3
n 280 710 0 290 720 2.384186E-07 3
n 315 707.5 0 330 710 0 2
n 457.5 705 0 460 720 0 2
n 450 705 0 457.5 720 0 3
n 400 705 0 430 720 0 3
n 335 705 0 340 720 0 3
n 330 705 0 335 710 0 2
n 270 705 0 280 720 2.384186E-07 3
n 452.5 702.5 0 460 705 0 2
n 417.5 702.5 0 427.5 705 0.3969951 2
n 280 702.5 0 285 710 0.01588511 3
n 272.5 702.5 0.2543349 275 705 0.2543349 3
n 450 700 0 452.5 705 0 3
n 427.5 700 0 430 705 0 3
n 400 700 0 417.5 705 0.3969951 2
n 380 700 0 400 720 1.06656 3
n 337.5 700 0 340 705 0 3
n 330 700 0 337.5 705 0 2
n 310 700 0 315 710 0 3
n 275 700 0.1734083 280 705 0.4134879 2
n 272.5 700 0.4134879 275 702.5 0.4134879 2
n 270 700 0.2543349 272.5 705 0.4134879 3
n 262.5 700 0 270 720 0.3969901 3
n 260 700 0 262.5 720 0 2
n 420 697.5 0.3969951 422.5 700 0.3969951 2
n 425 695 0 427.5 697.5 0 2
n 285 695 0 290 710 0.01504254 3
n 425 690 2.384186E-07 430 695 0.2014811 2
n 405 690 0 425 697.5 0.665261 2
n 400 690 0 402.5 700 1.30895 2
n 340 690 0 380 720 1.04198 3
n 310 690 0 330 700 2.384186E-07 3
n 287.5 690 0 290 695 0 3
n 285 690 0.1698072 287.5 695 0.250479 2
n 427.5 687.5 0.2014811 430 690 0.2014811 2
n 365 687.5 0.09205961 372.5 690 1.22414 3
n 452.5 685 0 455 697.5 0.3995461 2
n 425 685 0 427.5 690 2.384186E-07 2
n 372.5 685 0 375 690 0.197046 3
n 365 685 0.2669861 372.5 687.5 1.1955 2
n 340 685 0 365 690 0.3451183 3
n 285 685 0 290 690 0.5900493 2
n 280 685 2.384186E-07 285 702.5 1.45746 2
n 375 682.5 0 380 690 0 3
n 362.5 682.5 0.9825661 365 685 0.9825661 2
n 340 682.5 0 362.5 685 0.3451183 3
n 315 682.5 0 330 690 0 3
n 455 680 -10 480 682.5 -10 2
n 375 680 0 377.5 682.5 0 2
n 340 680 0 365 682.5 0.3451183 2
n 330 680 -0.1855199 340 700 0.4240479 3
n 315 680 0 327.5 682.5 0 2
n 282.5 680 0 290 685 0.6537752 2
n 425 677.5 -10 427.5 682.5 -10 2
n 377.5 677.5 0 380 682.5 0 2
n 287.5 677.5 0 290 680 0 2
n 450 675 -10 480 680 -1.76277 2
n 395 675 0 400 700 1.56634 2
n 450 670 -5.413899 452.5 675 -4.53705 2
n 400 670 -10 425 690 0 2
n 397.5 670 0 400 675 0 2
n 327.5 670 0 330 682.5 0 2
n 310 670 0 315 690 0.863453 3
n 475 667.5 -10 480 672.5 -10 2
n 287.5 667.5 0 290 677.5 0 3
n 285 667.5 0 287.5 680 0.5714951 2
n 475 665 -10 480 667.5 -10 3
n 470 665 -10 475 672.5 -10 2
n 450 665 -7.63135 455 670 -6.39648 2
n 280 665 0 282.5 677.5 0.6830013 2
n 452.5 662.5 -8.827699 455 665 -8.827699 2
n 397.5 662.5 -10 415 670 4.768372E-07 2
n 277.5 662.5 0 280 682.5 1.61025 2
n 455 660 -10 457.5 675 -10 2
n 415 660 -10 425 670 -9.795719 2
n 290 660 0 300 720 0.2365582 3
n 285 660 0 290 667.5 0 2
n 282.5 660 0 285 662.5 0 2
n 422.5 657.5 -10 425 660 -10 2
n 290 657.5 0 292.5 660 0 3
n 460 655 -10 470 672.5 -8.4563 2
n 450 655 -10 452.5 665 -8.827699 2
n 427.5 655 -10 430 680 -1.76277 2
n 365 655 -10 375 662.5 -3.30357 2
n 452.5 652.5 -10 455 657.5 -10 2
n 450 652.5 -10 452.5 655 -10 3
n 372.5 652.5 -6.848209 375 655 -6.848209 2
n 292.5 652.5 0 295 660 0 3
n 290 652.5 0 292.5 657.5 0 2
n 470 650 -10 480 665 -10 3
n 462.5 650 -10 470 655 -9.37347 3
n 460 650 -10 462.5 655 -10 2
n 455 650 -10 460 657.5 -10 2
n 450 650 -10 455 652.5 -10 3
n 420 650 -10 430 655 -9.79748 2
n 407.5 650 -9.802479 420 657.5 -7.26685 2
n 310 650 0 330 670 0 3
n 415 647.5 -8.883389 422.5 650 -7.98496 2
n 422.5 645 -10 430 650 -9.82775 2
n 420 645 -9.81717 422.5 647.5 -9.81717 3
n 405 645 -8.765539 415 650 -7.665559 2
n 402.5 645 -9.707089 405 647.5 -9.707089 2
n 392.5 645 -8.73437 395 700 0.2014811 2
n 365 645 -10 372.5 655 -6.848209 2
n 290 645 0 295 652.5 0 3
n 412.5 642.5 -9.535489 415 645 -9.535489 3
n 400 642.5 -9.839239 412.5 645 -8.667949 2
n 392.5 642.5 -10 397.5 645 -9.86544 2
n 390 642.5 -9.865439 392.5 700 0.2014811 3
n 362.5 642.5 -10 365 662.5 -10 2
n 290 642.5 0 292.5 645 0 3
n 415 640 -10 420 647.5 -8.230819 3
n 410 640 -9.81931 415 642.5 -9.79891 3
n 365 640 -10 380 645 -6.553289 2
n 330 640 0 337.5 680 0 3
n 310 640 0 315 650 0 3
n 367.5 637.5 -10 375 640 -7.061619 2
n 292.5 637.5 0 295 645 2.384186E-07 3
n 290 637.5 0 292.5 642.5 0 2
n 450 635 -10 460 650 -10 3
n 420 635 -10 430 645 -10 3
n 375 635 -10 380 640 -10 3
n 370 635 -10 375 637.5 -9.31215 3
n 295 635 -0.1359749 300 660 0.2819741 3
n 290 635 0 295 637.5 0 3
n 280 635 0 290 660 0 2
n 282.5 632.5 0 285 635 0 2
n 430 630 -10 450 720 0.8415822 3
n 420 630 -10 422.5 635 -10 3
n 410 630 -10 420 640 -10 3
n 390 630 -10 410 642.5 -9.158 3
n 452.5 627.5 -10 455 635 -10 2
n 450 627.5 -10 452.5 635 -10 3
n 455 625 -10 460 635 -10 2
n 435 625 -10.2467 450 630 -10 3
n 422.5 625 -10 430 635 -10 2
n 390 625 -10 422.5 630 -10 3
n 367.5 625 -10 370 637.5 -8.161259 3
n 365 625 -10 367.5 640 -6.265889 2
n 337.5 625 0 340 680 0 2
n 310 625 0 337.5 640 0 3
n 285 625 0 290 635 0 3
n 282.5 625 0 285 632.5 0 3
n 280 625 0 282.5 635 0 2
n 455 622.5 -10 457.5 625 -10 2
n 447.5 622.5 -10.2467 450 625 -10.2467 2
n 435 622.5 -10.591 447.5 625 -10 3
n 415 622.5 -10 417.5 625 -10 3
n 407.5 622.5 -10 410 625 -10 2
n 392.5 622.5 -10 407.5 625 -10 3
n 360 622.5 -10 362.5 635 -10 2
n 315 622.5 0 337.5 625 0 2
n 312.5 622.5 0 315 625 0 3
n 282.5 622.5 0 287.5 625 0 3
n 435 620 -10.2467 440 622.5 -10 2
n 430 620 -10 435 630 -10 3
n 410 620 -10 415 625 -10 2
n 392.5 620 -10 410 622.5 -10 2
n 390 620 -10 392.5 625 -10 3
n 380 620 -10 390 700 0.423393 3
n 370 620 -10 380 635 -9.17592 3
n 310 620 0 312.5 625 0 3
n 300 620 0 310 720 0.2814469 3
n 287.5 620 0 290 625 0 3
n 455 617.5 -10 457.5 622.5 -10 3
n 370 617.5 -10 372.5 620 -10 3
n 310 617.5 0 312.5 620 0 2
n 307.5 617.5 0 310 620 0 3
n 457.5 615 -10 460 625 -10 3
n 455 615 -10 457.5 617.5 -10 2
n 450 615 -10 455 627.5 -10 2
n 432.5 615 -10.4522 440 620 -10 2
n 430 615 -10 432.5 620 -9.999999 3
n 417.5 615 -10.0891 430 625 -10 3
n 415 615 -10 417.5 622.5 -10 2
n 372.5 612.5 -10 375 620 -10 3
n 370 612.5 -10 372.5 617.5 -10 2
n 415 610 -10 430 615 -10 2
n 387.5 610 -10.9134 415 620 -9.98346 2
n 375 610 -10.9065 387.5 620 -9.99496 3
n 370 610 -10 375 612.5 -10 2
n 355 605 -10 360 665 0 2
n 357.5 600 -10 360 605 -10 2
n 440 595 -10.9824 450 622.5 -9.999999 2
n 340 595 -10 342.5 602.5 -10 2
n 317.5 595 -10 330 602.5 -10 2
n 442.5 592.5 -10.9824 450 595 -10.5548 2
n 450 590 -10.0164 460 615 -10 2
n 340 590 -10 345 595 -10 2
n 330 590 -10 340 602.5 -10 2
n 455 587.5 -10 460 590 -10 2
n 442.5 587.5 -10.5548 445 592.5 -10.0164 3
n 440 587.5 -10.5548 442.5 595 -10 2
n 455 585 -10 460 587.5 -10 3
n 450 585 -10 455 590 -10 3
n 445 585 -10.5548 450 592.5 -10 3
n 440 585 -10 445 587.5 -10 3
n 430 585 -11.214 440 615 -9.999999 2
n 437.5 582.5 -10 440 585 -10 2
n 437.5 580 -10 440 582.5 -10 3
n 430 580 -10 437.5 585 -10 2
n 380 580 -10.9134 430 610 -9.99496 2
n 330 580 -10 345 590 -10 2
n 327.5 580 -10 330 595 -10 2
n 315 580 -10 317.5 597.5 -9.999999 2
n 370 577.5 -10 380 610 -10 2
n 400 575 -10.3324 410 580 -9.999999 2
n 380 575 -10 385 580 -10 2
n 370 575 -10 380 577.5 -10 3
n 365 575 -10 370 625 -10 2
n 362.5 575 -10 365 587.5 -10 2
n 355 575 -10 360 600 -10 2
n 345 575 -10 355 577.5 -10 2
n 315 575 -10 345 580 -10 2
n 285 575 -10 287.5 617.5 2.384186E-07 2
n 400 572.5 -11.0383 407.5 575 -10.0344 2
n 380 572.5 -10 382.5 575 -10 2
n 320 572.5 -10 360 575 -10 2
n 307.5 572.5 -10 310 617.5 0.5076141 2
n 432.5 570 -10 440 580 -10 3
n 420 570 -10.7305 432.5 580 -10 2
n 407.5 570 -10.0457 410 575 -9.999999 2
n 400 570 -10.9639 407.5 572.5 -9.90854 3
n 382.5 570 -10 385 575 -10 2
n 380 570 -10 382.5 572.5 -10 3
n 362.5 570 -10 380 575 -10 3
n 307.5 570 -10 310 572.5 -10 3
n 300 570 -10 307.5 620 0.5076141 3
n 280 570 -10 290 572.5 -10 2
n 275 570 -10 280 575 -10 2
n 422.5 567.5 -10.2356 425 570 -10.2356 2
n 312.5 567.5 -10 360 570 -10 2
n 310 567.5 -10 312.5 570 -10 3
n 282.5 567.5 -10 285 570 -10 3
n 277.5 567.5 -10 282.5 570 -10 2
n 272.5 567.5 -10 275 575 -10 2
n 425 565 -10.2356 430 570 -10 3
n 422.5 565 -10 425 567.5 -10 3
n 420 565 -10.2356 422.5 570 -10 2
n 385 565 -11.0473 400 580 -10 2
n 380 565 -10 385 570 -10 3
n 285 565 -10 290 570 -10 3
n 277.5 565 -10 285 567.5 -10 3
n 275 565 -10 277.5 570 -10 2
n 410 562.5 -10.2356 420 580 -10 2
n 397.5 562.5 -9.99495 400 565 -9.99495 3
n 392.5 562.5 -10 397.5 565 -10 2
n 460 560 -10 480 650 -10 3
n 440 560 -10 460 585 -10 3
n 430 560 -10 440 570 -10 3
n 420 560 -10 430 565 -9.71616 3
n 410 560 -9.999999 420 562.5 -9.455689 3
n 400 560 -11.0006 410 570 -9.958999 3
n 392.5 560 -10 400 562.5 -10 3
n 380 560 -10 392.5 565 -10 3
n 310 560 -10 340 567.5 -10 3
n 300 560 -10 310 570 -10 3
n 290 560 -10 300 635 0.5076141 3
n 295 555 -10 340 560 -9.072939 3
n 297.5 552.5 -10 337.5 555 -7.720408 3
n 340 550 -10 360 567.5 -10 3
n 337.5 550 -10 340 555 -10 3
n 295 550 -10 297.5 555 -10 3
n 270 550 -10.0227 275 567.5 -10 2
n 340 547.5 -10 342.5 550 -10 3
n 305 547.5 -10.0783 327.5 550 -9.60941 2
n 272.5 547.5 -10.2421 275 550 -10.2421 2
n 337.5 545 -10 340 550 -10 2
n 275 545 -10.0227 280 565 -10 3
n 272.5 545 -10.2421 275 547.5 -10.2421 3
n 342.5 542.5 -10 345 550 -10 3
n 340 542.5 -10 342.5 547.5 -10 2
n 380 540 -10 480 560 -9.364119 3
n 360 540 -10 380 570 -10 3
n 345 540 -10 360 550 -10 3
n 437.5 537.5 -10 440 540 -10 3
n 422.5 537.5 -10 425 540 -10 2
n 420 537.5 -10 422.5 540 -10 3
n 345 537.5 -10 347.5 540 -10 3
n 272.5 537.5 -10.0143 280 545 -9.910829 3
n 270 537.5 -10.2421 272.5 550 -9.910829 2
n 440 535 -10 450 540 -10 3
n 437.5 535 -10 440 537.5 -10 2
n 425 535 -10 437.5 540 -10 2
n 385 535 -10 420 540 -10 3
n 347.5 535 -10 350 540 -10 3
n 345 535 -10 347.5 537.5 -10 2
n 340 535 -10 345 542.5 -10 2
n 290 535 -10 295 560 -10 3
n 440 532.5 -10 442.5 535 -10 3
n 397.5 532.5 -10 400 535 -10 2
n 385 532.5 -10 397.5 535 -10 3
n 350 532.5 -10 355 540 -10 3
n 295 532.5 -10 297.5 550 -10 2
n 292.5 532.5 -10 295 535 -10 3
n 450 530 -10 480 540 -9.28468 3
n 442.5 530 -10 450 535 -10 3
n 440 530 -10 442.5 532.5 -10 2
n 425 530 -10 440 535 -10 2
n 420 530 -10 425 537.5 -10 2
n 385 530 -10 392.5 532.5 -10 2
n 355 530 -10 385 540 -10 3
n 350 530 -10 355 532.5 -10 2
n 337.5 530 -10 350 535 -10 2
n 330 530 -10 335 550 -10 2
n 292.5 530 -10 297.5 532.5 -10 2
n 290 530 -10 292.5 535 -10 3
n 280 530 -10 290 565 -10 3
n 270 530 -10 280 537.5 -9.991649 2
n 472.5 527.5 -10 480 530 -10 3
n 442.5 527.5 -10 472.5 530 -9.093579 2
n 420 527.5 -10 437.5 530 -10 2
n 377.5 527.5 -10 392.5 530 -10 2
n 360 527.5 -10 377.5 530 -10 3
n 342.5 527.5 -10 360 530 -10 2
n 332.5 527.5 -10 335 530 -10 2
n 270 527.5 -10 287.5 530 -10 2
n 470 525 -10 480 527.5 -10 2
n 437.5 525 -10 442.5 530 -10 2
n 400 525 -10 420 535 -10 2
n 392.5 525 -10 400 532.5 -10 2
n 337.5 525 -10 342.5 530 -10 2
n 330 525 -10 332.5 530 -10 2
n 287.5 525 -10 297.5 530 -10 2
n 262.5 525 -10 272.5 527.5 -10 2
n 240 525 -10 242.5 527.5 -10 2
n 455 520 -10 460 522.5 -10 2
n 420 520 -10 452.5 522.5 -10 2
n 342.5 520 -10 395 522.5 -10 2
n 330 520 -10 335 525 -10 2
n 327.5 520 -10 330 550 -10 2
n 300 520 -10 305 550 -10 2
n 245 520 -10 290 522.5 -9.999998 2
g 480 720 0 720 960 0 405648
n 595 925 -10 597.5 927.5 -10 2
n 585 925 -10 595 930 -10 2
n 587.5 922.5 -10 597.5 925 -10 2
n 575 922.5 -10 585 930 -10 2
n 605 920 -10 607.5 925 -10 2
n 597.5 920 -10 605 927.5 -10 2
n 587.5 920 -10 597.5 922.5 -10 3
n 585 920 -10 587.5 925 -10 2
n 580 920 -10 585 922.5 -10 3
n 562.5 920 -10 570 932.5 -10 2
n 607.5 917.5 -10 610 922.5 -10 2
n 605 917.5 -10 607.5 920 -10 3
n 565 917.5 -10 567.5 920 -10 2
n 622.5 915 -8.289979 625 917.5 -8.289979 2
n 610 915 -10 615 922.5 -10 2
n 575 915 -10 580 922.5 -10 3
n 612.5 912.5 -10 615 915 -10 2
n 610 912.5 -10 612.5 915 -10 3
n 575 912.5 -10 577.5 915 -10 3
n 567.5 912.5 -10 570 920 -10 2
n 620 910 -9.66485 622.5 920 -8.398619 2
n 605 910 -10 610 917.5 -10 3
n 580 910 -10 605 920 -10 3
n 577.5 910 -10 580 915 -10 3
n 575 910 -10 577.5 912.5 -10 2
n 570 910 -10 575 930 -10 2
n 497.5 910 -10 505 912.5 -9.999999 2
n 580 907.5 -10 592.5 910 -10 3
n 567.5 907.5 -10 580 910 -10 2
n 505 907.5 -10 507.5 912.5 -10 2
n 615 905 -10 620 922.5 -9.999999 2
n 610 905 -10 615 912.5 -10 3
n 495 905 -10 505 910 -10 2
n 487.5 905 -10 495 907.5 -9.999999 2
n 485 905 -10 487.5 907.5 -10 3
n 612.5 902.5 -10 617.5 905 -10 2
n 492.5 902.5 -10 505 905 -9.999999 2
n 610 900 -10 612.5 905 -10 3
n 595 900 -10 610 910 -10 3
n 515 900 -10 517.5 902.5 -10 2
n 510 900 -10 515 905 -10 2
n 505 900 -10 510 907.5 -10 2
n 492.5 900 -10 505 902.5 -9.999999 3
n 485 900 -10 492.5 905 -9.999999 3
n 480 900 -10 485 907.5 -10 3
n 607.5 897.5 -10 612.5 900 -10 3
n 522.5 895 -10 525 897.5 -10 2
n 512.5 895 -10 522.5 900 -10 2
n 607.5 892.5 -10 612.5 897.5 -10 2
n 605 892.5 -10 607.5 900 -10 3
n 512.5 892.5 -10 517.5 895 -10 2
n 510 892.5 -10 512.5 900 -10 3
n 605 890 -10 612.5 892.5 -10 2
n 525 890 -10 527.5 892.5 -10 2
n 517.5 890 -10 525 895 -10 2
n 510 890 -10 517.5 892.5 -10 3
n 592.5 887.5 -10 595 910 -9.28476 3
n 590 887.5 -10 592.5 907.5 -9.999999 2
n 595 885 -10 605 900 -9.34996 3
n 532.5 885 -10 537.5 887.5 -10 2
n 520 885 -10 532.5 890 -10 2
n 627.5 882.5 0 630 885 0 2
n 570 882.5 -10 572.5 885 -10 2
n 522.5 882.5 -10 525 885 -10 2
n 520 882.5 -10 522.5 885 -10 3
n 630 880 0 635 885 0 2
n 622.5 880 0 630 882.5 0 2
n 602.5 880 -10 605 885 -10 2
n 595 880 -10 602.5 885 -10 3
n 590 880 -10 595 887.5 -9.16146 3
n 580 880 -10 590 882.5 -10 3
n 577.5 880 -10 580 882.5 -10 2
n 542.5 880 -10 545 882.5 -10 2
n 525 880 -10 542.5 885 -10 2
n 520 880 -10 525 882.5 -10 3
n 510 880 -10 520 890 -10 3
n 480 880 -10 510 900 -9.999999 3
n 617.5 877.5 -10 620 880 -10 2
n 527.5 877.5 -10 537.5 880 -10 2
n 525 877.5 -10 527.5 880 -10 3
n 635 875 0 640 885 0 2
n 605 875 -10 620 877.5 -10 2
n 600 875 -10 605 880 -10 2
n 577.5 875 -10 580 880 -10 3
n 575 875 -10 577.5 882.5 -10 2
n 545 875 -10 547.5 877.5 -10 2
n 537.5 875 -10 545 880 -10 2
n 530 875 -10 537.5 877.5 -10 3
n 572.5 872.5 -10 575 882.5 -10 2
n 540 872.5 -10 542.5 875 -10 2
n 657.5 870 0 660 872.5 0 3
n 655 870 0 657.5 875 0 3
n 640 870 0 655 885 0 3
n 637.5 870 0 640 875 0 3
n 635 870 0 637.5 875 0 2
n 620 870 -1.4131 635 880 0.201481 2
n 600 870 -10 620 875 -2.59465 2
n 525 870 -10 530 877.5 -10 3
n 480 870 -10 525 880 -9.999999 3
n 632.5 867.5 0 635 870 0 2
n 600 867.5 -9.76825 625 870 -0.2315469 2
n 572.5 867.5 -10 575 872.5 -10 3
n 570 867.5 -10 572.5 870 -10 2
n 542.5 867.5 -10 545 875 -10 2
n 540 867.5 -10 542.5 872.5 -10 3
n 500 867.5 -10 502.5 870 -10 3
n 492.5 867.5 -9.999999 495 870 -9.999999 3
n 632.5 865 0 635 867.5 0 3
n 625 865 0 632.5 870 0.201481 2
n 567.5 865 -10 570 867.5 -10 2
n 545 865 -10 550 875 -10 2
n 540 865 -10 545 867.5 -10 3
n 502.5 865 -10 515 870 -10 3
n 500 865 -10 502.5 867.5 -10 2
n 495 865 -10 500 870 -10 2
n 492.5 865 -9.999999 495 867.5 -9.999999 2
n 485 865 -10 492.5 870 -9.999999 3
n 557.5 862.5 -10 570 865 -10 2
n 547.5 862.5 -10 552.5 865 -10 2
n 487.5 862.5 -10 490 865 -10 3
n 580 860 -10 600 880 -9.999999 3
n 575 860 -10 580 875 -10 3
n 570 860 -10 575 867.5 -10 3
n 560 860 -10 570 862.5 -10 3
n 550 860 -10 560 862.5 -10 2
n 547.5 860 -10 550 862.5 -10 3
n 540 860 -10 547.5 865 -10 3
n 530 860 -10 540 875 -10 3
n 487.5 857.5 -10 490 862.5 -10 2
n 485 857.5 -10 487.5 865 -10 3
n 625 855 0 635 865 0.201481 3
n 515 855 -10 530 870 -7.764969 3
n 605 852.5 -8.502389 625 867.5 -0.2315469 3
n 625 850 0.201481 630 855 0.201481 2
n 600 850 -9.999999 605 867.5 -9.683929 3
n 527.5 850 -10 530 855 -10 3
n 625 847.5 0.201481 627.5 850 0.201481 2
n 617.5 847.5 -2.59465 625 852.5 0.201481 2
n 602.5 847.5 -10 605 850 -10 2
n 600 847.5 -10 602.5 850 -10 3
n 632.5 845 0 635 855 0.5373161 3
n 630 845 0 632.5 855 0.201481 2
n 605 845 -10 617.5 852.5 -2.54476 2
n 590 845 -10 600 860 -9.999999 3
n 612.5 842.5 -4.61331 617.5 845 -2.30317 2
n 597.5 842.5 -10 600 845 -10 3
n 605 840 -10 612.5 845 -6.94543 2
n 527.5 840 -10 530 850 -9.26031 2
n 635 835 0 640 870 0.8477671 3
n 630 835 0.201481 635 845 0.53681 2
n 600 835 -10 605 847.5 -10 2
n 597.5 835 -10 600 842.5 -10 2
n 590 835 -10 597.5 845 -10 3
n 527.5 835 -10 530 840 -10 3
n 525 835 -10 527.5 842.5 -10 2
n 627.5 832.5 0.201481 630 850 0.201481 2
n 592.5 830 -10 605 835 -9.999999 2
n 590 830 -10 592.5 835 -10 3
n 530 830 -10 560 860 -9.18541 3
n 597.5 827.5 -10 602.5 830 -10 2
n 522.5 827.5 -10 525 830 -10 3
n 520 827.5 -10 522.5 830 -10 2
n 602.5 825 -9.999999 605 830 -9.907419 2
n 595 825 -10 597.5 830 -10 2
n 545 825 -10.4731 560 830 -10 3
n 525 825 -10 530 835 -10 3
n 520 825 -10 525 827.5 -10 3
n 590 822.5 -10 595 830 -10 3
n 515 822.5 -10 520 830 -10 2
n 640 820 0 660 870 0 3
n 595 820 -10 600 825 -10 2
n 590 820 -10 595 822.5 -10 2
n 580 820 -10 590 860 -10 3
n 545 820 -10 555 825 -10 2
n 530 820 -10 545 830 -10 3
n 587.5 817.5 -10 590 820 -10 2
n 585 817.5 -10 587.5 820 -10 3
n 542.5 817.5 -10 547.5 820 -10 2
n 540 817.5 -10 542.5 820 -10 3
n 512.5 817.5 -10 515 820 -10 3
n 655 815 0 660 820 0 3
n 600 815 -10 605 825 -9.15949 2
n 580 815 -10 585 820 -10 3
n 540 815 -10 547.5 817.5 -10 2
n 535 815 -10 540 820 -10 3
n 485 815 -10 490 857.5 -9.082565 2
n 480 815 -10 485 870 -10 3
n 657.5 812.5 0 660 815 0 2
n 655 812.5 0 657.5 815 0 3
n 582.5 812.5 -10 585 815 -10 3
n 557.5 812.5 -10.3519 560 825 -10 3
n 555 812.5 -10 557.5 825 -9.60688 2
n 507.5 812.5 -10 510 815 -10 3
n 492.5 812.5 -10 507.5 815 -9.999999 2
n 490 812.5 -9.999999 492.5 817.5 -9.999999 2
n 605 810 -10 607.5 840 -6.223739 2
n 600 810 -10 602.5 815 -10 2
n 590 810 -10 600 820 -9.999999 2
n 585 810 -10 590 817.5 -10 2
n 560 810 -10 580 860 -9.20713 3
n 537.5 810 -10 547.5 815 -10 2
n 535 810 -10 537.5 815 -10 3
n 582.5 807.5 -9.97428 585 812.5 -9.62595 2
n 580 807.5 -10 582.5 815 -9.56348 3
n 562.5 807.5 -10 565 810 -10 3
n 560 807.5 -10 562.5 810 -10 2
n 530 807.5 -10 535 820 -10 3
n 585 805 -10 607.5 810 -4.57303 2
n 580 805 -10 585 807.5 -10 2
n 565 805 -10 580 810 -9.6658 3
n 562.5 805 -10 565 807.5 -10 2
n 555 805 -10 560 812.5 -10 2
n 535 805 -10 547.5 810 -9.632909 2
n 530 805 -10 535 807.5 -10 2
n 520 805 -10 530 825 -10 3
n 515 805 -10 520 822.5 -10 3
n 555 802.5 -10 607.5 805 -3.56266 2
n 517.5 802.5 -10 547.5 805 -8.812949 2
n 655 800 0 657.5 812.5 0 2
n 630 800 0.201481 640 835 0.201481 3
n 627.5 800 0.201481 630 832.5 0.201481 3
n 510 800 -10 515 817.5 -10 3
n 655 797.5 0 657.5 800 0 3
n 512.5 797.5 -10 515 800 -10 3
n 630 795 0.201481 635 800 0.201481 3
n 490 795 -10 500 812.5 -9.999999 3
n 632.5 792.5 0.201481 635 795 0.201481 3
n 630 792.5 0.201481 632.5 795 0.201481 2
n 512.5 792.5 -10 515 797.5 -10 2
n 510 792.5 -10 512.5 800 -10 3
n 490 792.5 -10 497.5 795 -9.999999 3
n 655 790 0 660 797.5 0 3
n 640 790 0 655 820 0.201481 3
n 515 790 -10 517.5 805 -10 2
n 500 790 -10 510 812.5 -10 3
n 630 787.5 0 635 792.5 0.201481 2
n 635 785 0 640 800 0.201481 3
n 632.5 785 0 635 787.5 0 3
n 627.5 785 0 632.5 787.5 0 2
n 510 785 -10 515 792.5 -10 2
n 505 785 -10 510 790 -10 3
n 497.5 785 -10 500 795 -10 3
n 507.5 782.5 -10 512.5 785 -10 2
n 505 782.5 -10 507.5 785 -10 3
n 625 780 0 640 785 0 3
n 620 780 0 625 782.5 0 3
n 505 780 -10 510 782.5 -10 2
n 500 780 -10 505 790 -10 3
n 490 780 -9.999999 495 785 -9.999999 3
n 480 780 -10 490 815 -10 3
n 592.5 777.5 0 595 780 0 2
n 590 777.5 0 592.5 780 0 3
n 502.5 777.5 -10 507.5 780 -10 2
n 500 777.5 -10 502.5 780 -10 3
n 612.5 775 0 620 780 0 3
n 595 775 0 612.5 780 0 2
n 545 775 0 550 780 0 2
n 500 775 -10 505 777.5 -10 2
n 495 775 -10 500 785 -10 3
n 597.5 772.5 0 610 775 0 2
n 595 772.5 0 597.5 775 0 3
n 497.5 772.5 -10 502.5 775 -10 2
n 495 772.5 -10 497.5 775 -10 3
n 595 770 0 600 772.5 0 3
n 590 770 0 595 777.5 0 3
n 580 770 0 590 780 0 3
n 495 770 -10 500 772.5 -10 2
n 480 770 -10 495 780 -9.999999 3
n 547.5 767.5 0 550 775 0 3
n 545 767.5 0 547.5 775 0 2
n 492.5 767.5 -9.999999 495 770 -9.999999 2
n 480 767.5 -10 492.5 770 -9.999999 3
n 580 765 0 600 770 0 3
n 512.5 765 -10 517.5 767.5 -10 2
n 480 765 -10 510 767.5 -9.999999 2
n 595 762.5 0 597.5 765 0 3
n 582.5 762.5 0 585 765 0 3
n 667.5 760 0 670 762.5 0 2
n 660 760 0 667.5 765 0 2
n 620 760 0 640 780 0 3
n 610 760 0 620 775 0 3
n 560 760 0 580 780 0 3
n 540 755 0 545 780 0 2
n 597.5 752.5 0 600 765 0 3
n 580 752.5 0 582.5 765 0 3
n 542.5 752.5 0 545 755 0 2
n 660 750 0 670 760 0 2
n 610 750 0 640 760 0 3
n 560 750 0 570 760 0 3
n 550 750 0 560 780 0 3
n 545 750 0 550 767.5 0 3
n 542.5 750 0 545 752.5 0 3
n 540 750 0 542.5 755 0 2
n 585 747.5 0 595 750 0 2
n 610 745 0 625 750 0 3
n 595 745 0 600 752.5 0 3
n 585 745 0 595 747.5 0 3
n 580 745 0 585 752.5 0 3
n 555 745 0 570 750 0 3
n 622.5 742.5 0 625 745 0 3
n 610 742.5 0 612.5 745 0 3
n 567.5 742.5 0 570 745 0 3
n 555 742.5 0 557.5 745 0 3
n 662.5 740 0 670 750 0 2
n 660 740 0 662.5 750 0 3
n 537.5 740 0 540 742.5 0 2
n 665 737.5 0 685 740 0 2
n 537.5 737.5 0 540 740 0 3
n 505 737.5 0 537.5 740 0 2
n 685 735 0 700 740 0 2
n 665 735 0 685 737.5 0 3
n 660 735 0 665 740 0 3
n 505 735 0 540 737.5 0 3
n 500 735 0 505 740 0 2
n 687.5 732.5 0 697.5 735 0 2
n 687.5 730 0 697.5 732.5 0 3
n 680 730 0 687.5 735 0 3
n 625 730 0 640 750 0 3
n 622.5 730 0 625 732.5 0 3
n 610 730 0 612.5 732.5 0 3
n 570 730 0 580 760 0 3
n 567.5 730 0 570 732.5 0 3
n 557.5 727.5 0 565 730 0 2
n 555 727.5 0 557.5 732.5 0 3
n 697.5 720 0 700 735 0 2
n 680 720 0 697.5 730 0 3
n 660 720 0 680 735 0 3
n 640 720 0 660 790 0 3
n 610 720 0 640 730 0 3
n 600 720 0 610 772.5 0 3
n 580 720 0 600 745 0 3
n 565 720 0 580 730 0 3
n 555 720 0 565 727.5 0 3
n 540 720 0 555 750 0 3
n 502.5 720 0 540 735 0 3
n 500 720 0 502.5 735 0 2
g 480 480 0 720 720 0 405622
n 615 715 0 630 720 0 3
n 575 715 0 590 720 0 3
n 617.5 712.5 0 622.5 715 0 3
n 577.5 712.5 0 582.5 715 0 3
n 660 710 0 690 720 0 3
n 630 710 0 640 720 0 3
n 622.5 710 0 630 715 0 3
n 617.5 710 0 622.5 712.5 0 2
n 615 710 0 617.5 715 0 3
n 590 710 0 615 720 0 3
n 582.5 710 0 590 715 0 3
n 577.5 710 0 582.5 712.5 0 2
n 575 710 0 577.5 715 0 3
n 502.5 710 0 575 720 0 3
n 665 707.5 0 687.5 710 0 3
n 635 707.5 0 640 710 0 3
n 612.5 707.5 0 615 710 0 3
n 565 707.5 0 582.5 710 0 2
n 562.5 707.5 0 565 710 0 3
n 687.5 705 0 690 710 0 3
n 685 705 0 687.5 707.5 0 2
n 665 705 0 677.5 707.5 0 2
n 660 705 0 665 710 0 3
n 562.5 705 0 567.5 707.5 0 2
n 515 705 0 562.5 710 0 3
n 697.5 702.5 0 700 720 0 2
n 690 702.5 0 697.5 720 0 3
n 660 702.5 0 662.5 705 0 3
n 620 702.5 0 625 710 0 2
n 612.5 702.5 0 615 707.5 0 2
n 585 702.5 0 612.5 710 0 3
n 582.5 702.5 0 585 710 0 2
n 552.5 702.5 0 567.5 705 0 2
n 547.5 702.5 0 550 705 0 3
n 530 702.5 0 532.5 705 0 3
n 515 702.5 0 527.5 705 0 2
n 502.5 702.5 0 515 710 0 3
n 500 702.5 0 502.5 720 0 2
n 690 700 0 700 702.5 0 2
n 685 700 0 690 705 0 2
n 677.5 700 0 685 707.5 0 2
n 662.5 700 0 665 705 0 2
n 640 700 0 660 720 0 3
n 635 700 0 640 707.5 0 2
n 625 700 0 635 710 0 2
n 615 700 0 620 710 0 2
n 600 700 0 615 702.5 0 2
n 550 700 0 552.5 705 0 2
n 530 700 0 532.5 702.5 0 2
n 527.5 700 0 530 705 0 2
n 500 700 0 517.5 702.5 0 2
n 547.5 697.5 0 550 702.5 0 2
n 642.5 695 0 645 700 0 3
n 640 695 0 642.5 700 0 2
n 640 685 0 645 695 0 3
n 532.5 680 0 547.5 705 0.2014811 3
n 660 677.5 0 662.5 702.5 0 2
n 642.5 677.5 0 645 685 0 3
n 640 677.5 0 642.5 685 0 2
n 645 675 0 650 700 0 3
n 640 675 0 645 677.5 0 3
n 637.5 675 0 640 700 0 2
n 680 672.5 0 682.5 675 0 2
n 667.5 672.5 0 677.5 677.5 0 2
n 662.5 672.5 0 665 682.5 0 2
n 680 670 0 685 672.5 0 2
n 665 670 0 667.5 682.5 0 2
n 662.5 670 0 665 672.5 0 3
n 660 670 0 662.5 677.5 0 3
n 650 670 0 660 700 0 3
n 637.5 670 0 650 675 0 3
n 635 670 -0.5202559 637.5 677.5 -0.1118379 2
n 595 670 -7.083859 597.5 672.5 -7.083859 2
n 642.5 667.5 0 650 670 0 3
n 590 667.5 -10 600 670 -10 2
n 480 667.5 -10 495 670 -10 2
n 687.5 665 -1.27438 690 667.5 -1.27438 2
n 680 665 -0.559244 687.5 670 0 2
n 600 665 -10 602.5 670 -10 2
n 585 665 -10 590 667.5 -10 2
n 492.5 665 -10 502.5 667.5 -10 2
n 480 665 -10 492.5 667.5 -10 3
n 600 662.5 -10 605 665 -10 2
n 502.5 662.5 -10 505 667.5 -10 2
n 500 662.5 -10 502.5 665 -10 3
n 692.5 660 -3.35057 695 662.5 -3.35057 2
n 680 660 -2.3916 692.5 665 0 2
n 607.5 660 -10 610 662.5 -10 2
n 605 660 -10 607.5 665 -10 2
n 600 660 -10 605 662.5 -10 3
n 582.5 660 -10 585 667.5 -10 2
n 570 660 -10 577.5 662.5 -10 2
n 557.5 660 -10 567.5 667.5 -10 2
n 527.5 660 -9.828239 530 680 8.940697E-08 2
n 517.5 660 -9.599459 520 662.5 -9.599459 2
n 505 660 -10 517.5 665 -9.48497 2
n 500 660 -10 505 662.5 -10 3
n 695 657.5 -4.46318 697.5 660 -4.46318 2
n 582.5 657.5 -10 585 660 -10 3
n 577.5 657.5 -10 582.5 662.5 -10 2
n 572.5 657.5 -10 577.5 660 -10 3
n 552.5 657.5 -10 565 660 -9.76825 2
n 550 657.5 -9.76825 552.5 680 -0.7041579 2
n 510 657.5 -10 530 660 -9.779319 2
n 645 655 0 650 667.5 0 2
n 585 655 -10 590 665 -10 3
n 572.5 655 -10 585 657.5 -10 3
n 565 655 -10 572.5 660 -10 2
n 645 652.5 0.405325 647.5 655 0.405325 2
n 642.5 652.5 0 645 667.5 0.405325 2
n 700 650 -6.89854 702.5 655 -6.8276 2
n 695 650 -5.738289 700 657.5 -4.54188 2
n 680 650 -3.49585 695 660 1.192093E-07 2
n 677.5 650 0 680 677.5 0 2
n 665 650 0 667.5 652.5 0 3
n 650 650 0 665 670 0 3
n 647.5 650 0 650 655 0 3
n 637.5 650 -1.18404 647.5 652.5 0.405325 2
n 610 650 -10 615 657.5 -10 2
n 590 650 -10 600 667.5 -10 3
n 565 650 -10 590 655 -10 3
n 550 650 -10 565 657.5 -9.76825 3
n 530 650 -10 550 680 -0.7041658 3
n 510 650 -10 530 657.5 -10 3
n 500 650 -10 510 660 -10 3
n 612.5 647.5 -10 645 650 0.405325 2
n 610 647.5 -10 612.5 650 -10 3
n 672.5 645 0 675 650 0 2
n 670 645 0 672.5 650 0 3
n 500 640 -10 520 650 -10 3
n 480 640 -10 500 665 -10 3
n 645 635 0 650 650 0.405325 3
n 610 635 -10 645 647.5 0.405325 3
n 612.5 632.5 -10 647.5 635 0.405325 3
n 675 630 0 680 650 0 2
n 670 630 0 675 645 0 3
n 650 630 0 670 650 0 3
n 647.5 630 0 650 635 0 3
n 645 630 0.405325 647.5 632.5 0.405325 2
n 630 630 -4.69054 642.5 632.5 -0.01519489 2
n 612.5 630 -10 615 632.5 -10 2
n 610 630 -10 612.5 635 -10 3
n 520 630 -10 600 650 -9.056529 3
n 615 627.5 -10 630 632.5 -5.85936 2
n 587.5 627.5 -10 600 630 -10 3
n 562.5 627.5 -10 575 630 -10 3
n 537.5 627.5 -10 550 630 -9.219779 3
n 665 625 0 667.5 630 0 3
n 645 625 0 650 630 0.405325 2
n 590 625 -10 597.5 627.5 -10 2
n 575 625 -10 580 630 -10 3
n 565 625 -10 572.5 627.5 -10 2
n 540 625 -10 547.5 627.5 -10 2
n 647.5 622.5 0 650 625 0 2
n 597.5 622.5 -10 600 627.5 -10 2
n 587.5 622.5 -10 590 627.5 -10 2
n 575 622.5 -10 577.5 625 -10 3
n 572.5 622.5 -10 575 627.5 -10 2
n 547.5 622.5 -10 550 627.5 -9.28243 2
n 537.5 622.5 -10 540 627.5 -10 2
n 647.5 620 0 650 622.5 0 3
n 645 620 0 647.5 625 0 2
n 587.5 620 -10 600 622.5 -10 2
n 580 620 -10 587.5 630 -10 3
n 562.5 620 -10 565 627.5 -10 2
n 550 620 -10 562.5 630 -9.267949 3
n 537.5 620 -10 550 622.5 -10 2
n 520 620 -10 537.5 630 -10 3
n 565 617.5 -10 567.5 622.5 -10 2
n 645 615 0 650 620 0 3
n 642.5 615 0 645 632.5 0.405325 2
n 600 615 -10 610 660 -10 3
n 577.5 615 -10 580 625 -10 3
n 567.5 615 -10 577.5 622.5 -10 2
n 565 615 -10 567.5 617.5 -10 3
n 560 615 -10 565 620 -10 3
n 602.5 612.5 -10 610 615 -10 3
n 680 610 -6.941309 702.5 650 1.490116E-07 2
n 650 610 0 665 630 0 3
n 642.5 610 0 650 615 0 3
n 632.5 607.5 0 640 610 0 2
n 602.5 607.5 -10 607.5 612.5 -10 2
n 600 607.5 -10 602.5 615 -10 3
n 680 605 0 685 610 0 2
n 677.5 605 0 680 630 0 2
n 675 605 0 677.5 610 0 3
n 610 605 -10 615 630 -10 2
n 607.5 605 -10 610 612.5 -10 2
n 682.5 602.5 0 685 605 0 2
n 680 602.5 0 682.5 605 0 3
n 685 600 -4.37469 702.5 610 8.940697E-08 2
n 675 600 0 680 605 0 3
n 640 600 0 675 610 0 3
n 632.5 600 0 640 607.5 0 3
n 600 600 -10 605 607.5 -10 3
n 580 600 -10 600 620 -10 3
n 560 600 -10 580 615 -10 3
n 520 600 -10 560 620 -10 3
n 480 600 -10 520 640 -10 3
n 685 597.5 0 697.5 600 0 2
n 632.5 597.5 0 642.5 600 0 3
n 607.5 597.5 -10 612.5 605 -10 2
n 605 597.5 -10 607.5 607.5 -10 3
n 587.5 597.5 -10 590 600 -10 3
n 605 595 -10 610 597.5 -10 2
n 590 595 -10 605 600 -10 3
n 587.5 595 -10 590 597.5 -10 2
n 580 595 -10 587.5 600 -10 2
n 565 595 -10 580 600 -10 3
n 530 595 -10 540 600 -10 3
n 592.5 592.5 -10 607.5 595 -10 2
n 567.5 592.5 -10 580 595 -10 3
n 532.5 592.5 -10 537.5 595 -10 3
n 580 590 -10 592.5 595 -9.79233 2
n 577.5 590 -10 580 592.5 -10 2
n 565 590 -10 567.5 595 -10 3
n 540 590 -10 565 600 -10 3
n 537.5 590 -10 540 595 -10 3
n 532.5 590 -10 537.5 592.5 -10 2
n 530 590 -10 532.5 595 -10 3
n 490 590 -10 530 600 -10 3
n 572.5 587.5 -10 577.5 592.5 -10 2
n 540 587.5 -10 545 590 -10 3
n 502.5 587.5 -10 535 590 -10 2
n 495 587.5 -10 500 590 -10 3
n 545 585 -10 567.5 590 -10 3
n 535 585 -10 540 590 -10 2
n 500 585 -10 502.5 590 -10 2
n 570 582.5 -10 572.5 592.5 -10 2
n 557.5 582.5 -10 567.5 585 -10 3
n 537.5 582.5 -10 540 585 -10 2
n 642.5 580 0 660 600 0 3
n 567.5 580 -10 570 592.5 -10 2
n 697.5 577.5 -3.00496 702.5 600 -1.0085 2
n 632.5 577.5 0 637.5 580 0 2
n 560 577.5 -10 567.5 582.5 -8.55567 2
n 692.5 570 -2.14602 702.5 577.5 8.940697E-08 2
n 685 570 0 692.5 577.5 0 3
n 640 570 0 660 580 0 3
n 545 570 -10 557.5 585 -10 3
n 540 570 -10 545 587.5 -10 2
n 640 567.5 0 642.5 570 0 3
n 637.5 567.5 0 640 580 0 2
n 540 567.5 -10 542.5 570 -10 2
n 495 567.5 -10 500 587.5 -10 2
n 642.5 565 0 645 570 0 3
n 542.5 565 -10 557.5 570 -10 3
n 537.5 565 -10 542.5 567.5 -10 2
n 497.5 565 -10 502.5 567.5 -10 2
n 495 565 -10 497.5 567.5 -10 3
n 490 565 -10 495 590 -10 3
n 637.5 562.5 0 642.5 567.5 0 2
n 500 562.5 -10 540 565 -10 2
n 585 557.5 0 615 560 0 2
n 580 555 0 585 560 0 2
n 540 555 -10 557.5 565 -10 3
n 642.5 552.5 0 645 565 0 2
n 615 552.5 0 617.5 560 0 2
n 557.5 552.5 -10 560 582.5 -10 2
n 547.5 552.5 -10 552.5 555 -10 3
n 697.5 550 -1.90825 702.5 570 -0.003300399 2
n 680 550 0 685 602.5 0 3
n 615 550 0 620 552.5 0 2
n 555 550 -10 557.5 555 -10 2
n 540 550 -10 547.5 555 -10 3
n 500 550 -10 540 562.5 -10 3
n 490 550 -10 500 565 -10 3
n 642.5 547.5 0 645 550 0 3
n 615 547.5 0 617.5 550 0 3
n 552.5 547.5 -10 555 555 -10 2
n 490 545 -10 547.5 550 -10 3
n 547.5 542.5 -10 552.5 552.5 -10 2
n 497.5 542.5 -10 547.5 545 -10 3
n 692.5 540 -1.46182 702.5 550 8.940697E-08 2
n 680 540 0 692.5 550 0 3
n 660 540 0 680 600 0 3
n 645 540 0 660 570 0 3
n 500 540 -10 505 542.5 -10 2
n 692.5 537.5 0 697.5 540 5.960464E-08 2
n 685 537.5 0 692.5 540 0 3
n 582.5 537.5 0 585 555 0 3
n 580 537.5 0 582.5 555 0 2
n 505 537.5 -10 550 542.5 -6.111509 2
n 615 535 0 645 547.5 0 3
n 585 535 0 590 557.5 0 3
n 580 535 0 585 537.5 0 2
n 497.5 535 -10 500 542.5 -10 2
n 490 535 -10 497.5 545 -10 3
n 617.5 532.5 0 642.5 535 0 3
n 492.5 532.5 -10 495 535 -10 3
n 642.5 530 0 645 535 0 3
n 615 530 0 617.5 535 0 3
n 495 530 -10 502.5 535 -10 2
n 492.5 530 -10 495 532.5 -10 2
n 490 530 -10 492.5 535 -10 3
n 480 527.5 -10 490 600 -10 3
n 645 522.5 0 685 540 0 3
n 642.5 522.5 0 645 527.5 0 2
n 490 522.5 -10 502.5 530 -9.999999 2
n 480 522.5 -10 490 527.5 -10 2
n 662.5 520 0 677.5 522.5 0 2
n 587.5 520 0 590 535 0 3
n 580 520 0 587.5 535 0 2
n 697.5 517.5 -1.36279 702.5 540 5.960464E-08 2
n 677.5 517.5 0 685 522.5 0 2
n 642.5 517.5 0 662.5 522.5 0 2
n 582.5 517.5 0 585 520 0 3
n 522.5 517.5 0 582.5 520 0 2
n 585 515 0 590 520 0 3
n 580 515 0 585 517.5 0 3
n 570 502.5 0 580 517.5 0 3
n 535 502.5 0 545 517.5 0 3
n 617.5 500 0 620 515 0 2
n 590 500 0 615 557.5 0 3
n 580 500 0 590 515 0 3
n 545 500 0 570 517.5 0 3
n 525 500 0 535 517.5 0 3
n 520 500 0 522.5 520 0 2
n 617.5 497.5 0 697.5 500 0 2
n 615 497.5 0 617.5 517.5 0 3
n 522.5 497.5 0 525 517.5 0 3
n 502.5 497.5 0 522.5 500 0 2
n 615 490 0 697.5 497.5 0 3
n 582.5 490 0 615 500 0 3
n 547.5 490 0 567.5 500 0 3
n 525 490 0 532.5 500 0 3
n 520 490 0 525 497.5 0 3
n 697.5 480 0 700 500 0 2
n 580 480 0 697.5 490 0 3
n 570 480 0 580 487.5 0 3
n 545 480 0 570 490 0 3
n 535 480 0 545 487.5 0 3
n 520 480 0 535 490 0 3
n 502.5 480 0 520 497.5 0 3
n 500 480 0 502.5 500 0 2
g 480 240 0 720 480 0 430744
n 585 475 1.192093E-07 625 480 1.08763 3
n 622.5 472.5 1.192093E-07 625 475 1.192093E-07 3
n 587.5 472.5 0.599512 600 475 1.46566 3
n 697.5 470 1.192093E-07 700 480 1.192093E-07 2
n 690 470 1.192093E-07 697.5 480 1.192093E-07 3
n 625 470 1.192093E-07 680 480 1.192093E-07 3
n 622.5 470 1.192093E-07 625 472.5 1.192093E-07 2
n 607.5 470 1.192093E-07 622.5 475 0.9688661 2
n 600 470 1.192093E-07 607.5 475 0.1427902 3
n 587.5 470 0.5435611 600 472.5 1.84912 2
n 585 470 0.1550921 587.5 475 0.1650851 3
n 692.5 467.5 1.192093E-07 695 470 1.192093E-07 3
n 625 467.5 1.192093E-07 632.5 470 1.192093E-07 3
n 502.5 467.5 1.192093E-07 505 480 1.192093E-07 3
n 500 467.5 1.192093E-07 502.5 480 1.192093E-07 2
n 645 465 1.192093E-07 680 470 1.192093E-07 3
n 625 465 1.192093E-07 632.5 467.5 1.192093E-07 2
n 585 465 1.192093E-07 625 470 1.91675 2
n 530 465 1.192093E-07 585 480 1.192093E-07 3
n 505 465 1.192093E-07 510 480 1.192093E-07 3
n 692.5 462.5 1.192093E-07 695 467.5 1.192093E-07 2
n 690 462.5 1.192093E-07 692.5 470 1.192093E-07 3
n 670 462.5 1.192093E-07 672.5 465 1.192093E-07 3
n 632.5 462.5 1.192093E-07 645 470 1.192093E-07 3
n 585 462.5 1.192093E-07 632.5 465 0.2858812 2
n 532.5 462.5 1.192093E-07 585 465 1.192093E-07 3
n 507.5 462.5 1.192093E-07 510 465 1.192093E-07 3
n 695 460 1.192093E-07 700 470 1.192093E-07 2
n 690 460 1.192093E-07 695 462.5 1.192093E-07 2
n 680 460 1.192093E-07 690 480 1.192093E-07 3
n 532.5 460 1.192093E-07 540 462.5 1.192093E-07 2
n 530 460 1.192093E-07 532.5 465 1.192093E-07 3
n 510 460 1.192093E-07 530 480 1.192093E-07 3
n 505 460 1.192093E-07 507.5 465 1.192093E-07 2
n 500 460 1.192093E-07 505 467.5 1.192093E-07 2
n 530 457.5 0.4053249 532.5 460 0.4053249 2
n 527.5 457.5 0.4053249 530 460 0.4053249 3
n 525 455 0.4053249 527.5 460 0.4053249 3
n 655 440 -9.999999 662.5 442.5 -9.999999 2
n 640 440 -9.999999 642.5 442.5 -9.999999 2
n 560 440 -9.999999 562.5 442.5 -9.999999 2
n 545 440 -9.999999 550 442.5 -9.999999 2
n 632.5 437.5 -9.999999 635 440 -9.999999 2
n 542.5 435 -9.999999 550 440 -9.999999 2
n 567.5 432.5 -9.999999 570 435 -9.999999 2
n 502.5 432.5 -9.999999 505 435 -9.999999 2
n 635 430 -9.999999 640 440 -9.999999 2
n 630 430 -9.999999 635 437.5 -9.999999 2
n 560 430 -9.999999 567.5 440 -9.999999 2
n 550 430 -9.999999 560 442.5 -9.999999 2
n 535 430 -9.999999 537.5 432.5 -9.999999 2
n 525 430 -8.197049 527.5 455 0.4053249 2
n 502.5 430 -9.999999 507.5 432.5 -9.999999 2
n 660 427.5 -9.999999 665 440 -9.999999 2
n 562.5 427.5 -9.999999 565 430 -9.999999 2
n 705 425 -9.999999 720 427.5 -9.999999 2
n 700 425 -9.999999 702.5 427.5 -9.999999 2
n 672.5 425 -9.670149 680 465 0.4053249 3
n 632.5 425 -9.999999 640 430 -9.999999 2
n 550 425 -9.999999 562.5 430 -9.999999 2
n 527.5 425 -9.670149 530 430 -9.36587 2
n 512.5 425 -9.670149 515 460 0.4053249 3
n 507.5 425 -9.670149 510 427.5 -9.670149 2
n 500 425 -9.999999 507.5 430 -9.999999 2
n 687.5 422.5 -9.999999 690 425 -9.999999 2
n 667.5 422.5 -9.999999 670 425 -9.999999 2
n 637.5 422.5 -9.999999 640 425 -9.999999 2
n 557.5 422.5 -9.999999 560 425 -9.999999 2
n 527.5 422.5 -9.999999 532.5 425 -9.999999 2
n 525 422.5 -9.999999 527.5 430 -9.365879 3
n 512.5 422.5 -9.999999 515 425 -9.999999 2
n 510 422.5 -9.999999 512.5 427.5 -9.670149 2
n 690 420 -9.999999 715 425 -9.999999 2
n 687.5 420 -9.999999 690 422.5 -9.999999 3
n 680 420 -9.999999 687.5 460 0.4053252 3
n 660 420 -9.999999 667.5 425 -9.999999 2
n 640 420 -9.999999 660 440 -9.999999 2
n 550 420 -9.999999 557.5 425 -9.999999 2
n 537.5 420 -9.999999 550 435 -9.999999 2
n 532.5 420 -9.999999 535 422.5 -9.999999 2
n 530 420 -9.999999 532.5 422.5 -9.999999 3
n 515 420 -9.999999 525 460 0.4053249 3
n 712.5 417.5 -9.999999 715 420 -9.999999 2
n 667.5 417.5 -9.999999 670 422.5 -9.999999 3
n 655 417.5 -9.999999 667.5 420 -9.999999 2
n 540 417.5 -9.999999 557.5 420 -9.999999 2
n 520 417.5 -9.999999 522.5 420 -9.999999 3
n 517.5 417.5 -9.999999 520 420 -9.999999 2
n 510 417.5 -9.999999 512.5 420 -9.999999 2
n 715 415 -9.999999 720 425 -9.999999 3
n 712.5 415 -9.999999 715 417.5 -9.999999 3
n 692.5 415 -9.999999 712.5 420 -9.999999 2
n 690 415 -9.999999 692.5 420 -9.999999 3
n 645 415 -9.999999 655 420 -9.999999 2
n 640 415 -9.999999 645 417.5 -9.999999 2
n 530 415 -9.999999 535 420 -9.999999 3
n 702.5 412.5 -9.999999 705 415 -9.999999 3
n 695 412.5 -9.999999 702.5 415 -9.999999 2
n 652.5 412.5 -9.999999 655 415 -9.999999 3
n 650 412.5 -9.999999 652.5 415 -9.999999 2
n 520 412.5 -9.999999 522.5 417.5 -9.999999 2
n 705 410 -9.999999 710 415 -9.999999 3
n 695 410 -9.999999 705 412.5 -9.999999 3
n 690 410 -9.999999 695 415 -9.999999 3
n 680 410 -9.999999 690 420 -9.999999 3
n 670 410 -9.999999 680 425 -9.999999 3
n 655 410 -9.999999 670 417.5 -9.999999 3
n 650 410 -9.999999 655 412.5 -9.999999 3
n 537.5 410 -9.999999 540 412.5 -9.999999 3
n 530 410 -9.999999 537.5 415 -9.999999 3
n 510 410 -9.999999 515 417.5 -9.999999 2
n 500 410 -9.999999 510 425 -9.999999 2
n 647.5 405 -9.55792 650 407.5 -9.55792 3
n 540 405 -9.650489 542.5 410 -9.19252 3
n 515 405 -9.999999 517.5 415 -9.999999 2
n 650 400 -9.999999 710 410 -8.75461 3
n 645 400 -8.75461 650 405 -8.75461 3
n 640 400 -9.55792 645 402.5 -8.75461 3
n 545 400 -8.843 547.5 402.5 -8.843 3
n 540 400 -9.19252 545 405 -8.843 3
n 530 400 -9.999999 540 410 -9.19252 3
n 522.5 400 -9.999999 525 420 -9.999999 3
n 515 400 -9.999999 520 405 -9.999999 2
n 632.5 397.5 -9.999999 635 400 -9.999999 3
n 675 395 -9.999999 705 400 -9.136989 3
n 550 395 -8.843 552.5 397.5 -8.843 3
n 525 395 -9.999999 530 422.5 -9.999999 3
n 702.5 392.5 -9.999999 705 395 -9.999999 3
n 700 392.5 -9.999999 702.5 395 -9.999999 2
n 687.5 392.5 -9.999999 695 395 -9.999999 2
n 677.5 392.5 -9.999999 687.5 395 -9.999999 3
n 627.5 392.5 -9.999999 630 395 -9.999999 3
n 705 390 -10.0887 710 400 -9.215559 3
n 695 390 -9.999999 700 395 -9.999999 2
n 675 390 -9.999999 677.5 395 -9.999999 3
n 640 390 -9.999999 675 400 -8.75461 3
n 635 390 -9.999999 640 402.5 -9.55792 3
n 630 390 -9.999999 635 397.5 -9.999999 3
n 622.5 390 -9.999999 630 392.5 -9.999999 3
n 557.5 390 -9.999999 567.5 392.5 -8.843 3
n 550 390 -8.843 557.5 395 -8.843 3
n 530 390 -9.650489 550 400 -8.843 3
n 527.5 390 -9.650489 530 395 -9.650489 3
n 702.5 387.5 -9.999999 705 392.5 -9.999999 2
n 697.5 387.5 -9.999999 700 390 -9.999999 2
n 690 387.5 -9.999999 692.5 390 -9.999999 2
n 677.5 387.5 -9.999999 680 392.5 -9.999999 2
n 667.5 387.5 -9.999999 672.5 390 -9.999999 3
n 575 387.5 -9.999999 577.5 390 -9.999999 3
n 530 387.5 -9.19252 535 390 -8.842999 3
n 705 385 -9.999999 707.5 390 -9.999999 2
n 700 385 -9.999999 702.5 387.5 -9.999999 2
n 690 385 -9.999999 695 387.5 -9.999999 2
n 655 385 -9.999999 667.5 390 -8.75461 3
n 535 385 -8.843 550 390 -8.843 3
n 707.5 382.5 -10.034 710 390 -9.999999 3
n 702.5 382.5 -9.999999 707.5 385 -9.516509 2
n 657.5 382.5 -9.999999 665 385 -7.86455 2
n 655 382.5 -9.557919 657.5 385 -9.557919 3
n 540 382.5 -8.843 542.5 385 -8.843 3
n 515 382.5 -9.999999 517.5 400 -9.999999 2
n 680 380 -9.999999 690 392.5 -9.999999 2
n 655 380 -9.999999 657.5 382.5 -9.999999 2
n 640 380 -9.999999 655 390 -8.75461 3
n 615 380 -9.59976 620 385 -9.599758 3
n 585 380 -9.904199 615 382.5 -9.323389 3
n 580 380 -9.59976 585 385 -9.59976 3
n 575 380 -9.999999 580 387.5 -9.59976 3
n 550 380 -9.999999 575 390 -8.843 3
n 542.5 380 -8.843 550 385 -8.843 3
n 500 380 -9.999999 515 410 -9.999999 2
n 497.5 380 -9.999999 500 405 -9.999999 2
n 647.5 377.5 -9.999999 652.5 380 -9.999999 3
n 547.5 377.5 -9.241039 552.5 380 -8.842999 3
n 512.5 377.5 -9.999999 515 380 -9.999999 2
n 680 375 -9.999999 685 380 -9.999999 2
n 640 375 -9.999999 647.5 380 -9.999999 3
n 500 375 -9.999999 512.5 380 -9.999999 2
n 640 372.5 -9.999999 642.5 375 -9.999999 3
n 502.5 372.5 -9.999999 507.5 375 -9.999999 2
n 705 370 -9.999999 710 382.5 -9.343519 3
n 700 370 -9.999999 705 382.5 -9.447339 2
n 682.5 370 -9.999999 685 375 -9.999999 2
n 552.5 370 -9.999999 560 380 -9.601959 3
n 707.5 367.5 -9.999999 710 370 -9.999999 3
n 700 367.5 -9.999999 707.5 370 -9.999999 2
n 690 365 -9.999999 700 385 -9.999999 2
n 690 360 -9.999999 697.5 365 -9.999999 2
n 620 360 -12.5 640 390 -9.139059 3
n 560 360 -12.5 580 380 -9.09305 3
n 550 360 -9.999999 560 370 -9.999999 3
n 635 357.5 -9.59976 640 360 -9.59976 3
n 707.5 355 -9.999999 710 367.5 -9.14585 2
n 550 355 -9.999999 565 360 -9.59976 3
n 710 350 -9.999999 720 415 -9.827889 3
n 705 350 -9.999999 710 355 -9.999999 2
n 700 350 -9.999999 705 352.5 -9.999999 2
n 690 350 -9.999999 700 360 -9.999999 2
n 685 350 -9.999999 690 380 -9.999999 2
n 712.5 342.5 -9.999999 715 350 -9.999999 3
n 712.5 340 -9.999999 715 342.5 -9.999999 2
n 687.5 340 -9.999999 712.5 350 -9.999999 2
n 620 340 -12.5 635 360 -9.32175 3
n 542.5 340 -2.623701 557.5 352.5 -2.623699 2
n 632.5 337.5 -9.313799 635 340 -9.313799 3
n 562.5 337.5 -9.59976 565 355 -9.599758 3
n 700 335 -9.999999 715 340 -9.999999 2
n 565 335 -10.1199 570 360 -9.30505 3
n 712.5 332.5 -9.999999 715 335 -9.999999 3
n 700 332.5 -9.999999 712.5 335 -9.999999 2
n 565 332.5 -9.59976 567.5 335 -9.59976 3
n 715 330 -9.999999 720 350 -9.999999 3
n 710 330 -9.999999 715 332.5 -9.999999 3
n 685 330 -9.999999 700 340 -9.999999 2
n 620 330 -12.5 632.5 340 -9.325139 3
n 570 330 -12.5 580 360 -9.144239 3
n 567.5 330 -9.59976 570 335 -9.59976 3
n 627.5 327.5 -9.34411 630 330 -9.34411 3
n 570 327.5 -9.59976 572.5 330 -9.59976 3
n 620 325 -12.5 627.5 330 -10.4826 3
n 572.5 325 -11.594 580 330 -9.304579 3
n 622.5 322.5 -11.434 625 325 -11.434 3
n 575 322.5 -9.310069 577.5 325 -9.310069 3
n 707.5 320 -9.999999 710 332.5 -9.999999 3
n 685 320 -9.999999 697.5 330 -9.999999 2
n 682.5 320 -9.999999 685 332.5 -9.999999 2
n 620 320 -10.5002 622.5 325 -9.325029 3
n 580 320 -12.5 620 380 -9.11439 3
n 577.5 320 -9.345999 580 325 -9.307969 3
n 567.5 320 -2.61836 570 322.5 -2.61836 2
n 702.5 317.5 -9.239039 705 320 -9.239039 2
n 615 317.5 -9.31861 620 320 -9.21806 3
n 580 317.5 -9.599758 582.5 320 -9.599758 3
n 562.5 317.5 -2.61836 565 320 -2.61836 2
n 582.5 315 -11.758 615 320 -8.43606 3
n 565 315 -2.61836 570 320 -2.61836 2
n 560 315 -2.61836 565 317.5 -2.61836 2
n 585 312.5 -9.59976 592.5 315 -9.599758 3
n 572.5 312.5 -2.61836 575 317.5 -2.61836 2
n 702.5 310 -9.999999 705 317.5 -9.999999 3
n 700 310 -10.2012 702.5 320 -9.999999 2
n 677.5 310 -9.999999 680 315 -9.999999 2
n 592.5 310 -9.999999 607.5 315 -9.304229 3
n 570 310 -2.61836 572.5 320 -2.61836 2
n 557.5 307.5 -2.61836 560 312.5 -2.61836 2
n 560 305 -2.61836 570 315 -2.61836 2
n 705 302.5 -9.999999 710 320 -9.313368 3
n 700 302.5 -9.999999 705 310 -9.999999 2
n 562.5 302.5 -2.61836 567.5 305 -2.61836 2
n 702.5 300 -9.999999 707.5 302.5 -9.999999 2
n 672.5 297.5 -9.999999 675 302.5 -9.999999 2
n 675 295 -9.999999 680 310 -9.999999 2
n 670 295 -9.999999 675 297.5 -9.999999 2
n 595 292.5 -2.630189 607.5 307.5 -2.630189 2
n 710 290 -9.999999 720 330 -9.999999 3
n 707.5 290 -9.999999 710 302.5 -9.999999 2
n 700 290 -9.999999 702.5 292.5 -9.999999 2
n 680 290 -9.999999 700 320 -9.999999 2
n 667.5 290 -9.999999 680 295 -9.999999 2
n 712.5 287.5 -9.999999 720 290 -9.999999 3
n 707.5 287.5 -9.999999 712.5 290 -9.999999 2
n 707.5 285 -9.999999 720 287.5 -9.999999 2
n 680 285 -9.999999 702.5 290 -9.999999 2
n 682.5 282.5 -9.999999 700 285 -9.999999 2
n 662.5 282.5 -9.999999 665 287.5 -9.999999 2
n 665 280 -9.999999 680 290 -9.999999 2
n 660 280 -9.999999 665 282.5 -9.999999 2
n 680 275 -9.999999 682.5 285 -9.999999 2
n 655 275 -9.999999 657.5 277.5 -9.999999 2
n 657.5 270 -9.999999 680 280 -9.999999 2
n 665 267.5 -9.999999 677.5 270 -9.999999 2
g 720 240 0 960 480 0 404398
n 835 440 4.768372E-07 837.5 442.5 4.768372E-07 2
n 747.5 440 4.768372E-07 760 442.5 4.768372E-07 2
n 740 440 4.768372E-07 747.5 445 4.768372E-07 2
n 922.5 437.5 4.768372E-07 932.5 442.5 1.26609 2
n 907.5 437.5 4.768372E-07 920 440 0.1057944 2
n 892.5 437.5 4.768372E-07 895 440 4.768372E-07 2
n 890 437.5 4.768372E-07 892.5 440 4.768372E-07 3
n 832.5 437.5 4.768372E-07 835 442.5 4.768372E-07 2
n 895 435 4.768372E-07 907.5 440 4.768372E-07 2
n 890 435 4.768372E-07 895 437.5 4.768372E-07 3
n 875 435 4.768372E-07 880 440 4.768372E-07 3
n 840 435 4.768372E-07 855 440 4.768372E-07 2
n 837.5 435 4.768372E-07 840 437.5 4.768372E-07 2
n 815 435 4.768372E-07 832.5 442.5 0.006998062 2
n 760 435 -7.527679 780 442.5 1.93352 2
n 932.5 432.5 -9.99998 960 442.5 4.768372E-07 2
n 907.5 432.5 0.2240181 910 437.5 0.2934275 3
n 897.5 432.5 9.536743E-07 907.5 435 9.536743E-07 2
n 865 432.5 9.536743E-07 870 435 9.536743E-07 2
n 835 432.5 9.536743E-07 842.5 435 9.536743E-07 2
n 815 432.5 -5 827.5 435 -4.922199 2
n 762.5 432.5 -8.76384 777.5 435 -5 2
n 927.5 430 -2.820419 930 432.5 -2.820419 2
n 920 430 -5 927.5 435 0.4263825 2
n 910 430 0.1445365 920 437.5 0.4263821 3
n 897.5 430 1.430511E-06 910 432.5 1.430511E-06 3
n 890 430 9.536743E-07 897.5 435 1.430511E-06 3
n 880 430 4.768372E-07 890 440 1.430511E-06 3
n 842.5 430 9.536743E-07 852.5 435 1.430511E-06 2
n 840 430 1.430511E-06 842.5 432.5 1.430511E-06 3
n 780 430 -10.1003 815 442.5 0.02431202 2
n 777.5 430 -10 780 435 -8.76383 2
n 760 430 -10 762.5 435 -5 2
n 740 430 -10 760 440 4.768372E-07 2
n 720 430 -10 740 445 4.768372E-07 2
n 952.5 427.5 -10 960 430 -10 2
n 920 427.5 -8.664579 942.5 430 0.4053249 2
n 827.5 427.5 0.4053249 830 430 0.4053249 3
n 952.5 425 -10 960 427.5 -10 3
n 942.5 425 -10 952.5 430 -9.670148 2
n 940 425 -8.664579 942.5 427.5 -8.664579 3
n 865 425 1.430511E-06 870 432.5 1.430511E-06 3
n 852.5 425 1.430511E-06 865 427.5 1.430511E-06 2
n 847.5 425 1.430511E-06 852.5 430 1.430511E-06 2
n 840 425 1.430511E-06 847.5 430 1.430511E-06 3
n 765 425 -10 775 430 -10 2
n 760 425 -10 765 427.5 -10 2
n 787.5 422.5 -9.997649 790 427.5 -9.997647 3
n 785 422.5 -10 787.5 427.5 -10 2
n 732.5 422.5 -10 735 427.5 -10 2
n 785 420 -10 790 422.5 -9.99883 3
n 775 420 -10 785 427.5 -10 2
n 735 420 -10 745 427.5 -10 2
n 732.5 420 -10 735 422.5 -10 3
n 720 420 -10 732.5 427.5 -10 3
n 782.5 415 -10 790 420 -9.998828 3
n 775 415 -10 782.5 420 -10 2
n 737.5 415 -10 745 420 -10 2
n 735 415 -10 737.5 420 -10 3
n 777.5 412.5 -10 780 415 -10 2
n 757.5 412.5 -10 760 427.5 -10 2
n 940 410 -9.999999 950 425 -8.664588 3
n 920 410 -7.49577 940 427.5 0.4053249 3
n 880 410 -0.01246023 920 430 0.620954 3
n 870 410 9.536743E-07 880 435 1.430511E-06 3
n 830 410 1.430511E-06 840 432.5 0.4053254 3
n 800 410 -10.0169 830 427.5 0.4053254 3
n 777.5 410 -10 780 412.5 -10 3
n 775 410 -10 777.5 415 -10 2
n 760 410 -10 775 425 -10 2
n 755 410 -10 760 412.5 -9.999999 2
n 742.5 410 -10 745 415 -10 2
n 735 410 -10 742.5 415 -10 3
n 720 410 -10 735 420 -10 3
n 890 407.5 -0.5332842 907.5 410 -0.2381616 3
n 802.5 407.5 -9.670148 835 410 0.4053254 3
n 915 405 -10 950 410 1.383 3
n 907.5 405 -0.2381625 910 410 1.430511E-06 3
n 890 405 -1.05411 907.5 407.5 -0.4763265 2
n 875 405 -0.2381639 890 410 1.430511E-06 3
n 755 405 -10 760 410 -9.999999 3
n 745 405 -9.999999 755 407.5 -9.37194 3
n 740 405 -10 745 410 -10 3
n 942.5 402.5 -10 947.5 405 -10 3
n 917.5 402.5 -10 930 405 0.005481243 2
n 910 402.5 1.430511E-06 915 410 1.38658 3
n 910 400 -0.01245928 915 402.5 1.44573 2
n 887.5 400 -1.952238 910 405 -0.2443924 2
n 870 400 1.430511E-06 875 410 1.430511E-06 3
n 840 400 1.430511E-06 870 425 1.430511E-06 3
n 805 400 -9.999999 825 405 0.4053249 2
n 915 397.5 -4.867168 917.5 405 1.451041 2
n 942.5 395 -10 947.5 402.5 -10 2
n 802.5 395 -9.867158 805 397.5 -9.867158 2
n 800 395 -10.0085 802.5 410 -9.999999 3
n 780 395 -10.0031 790 415 -9.999619 3
n 922.5 392.5 -9.734319 925 397.5 -9.734319 2
n 782.5 392.5 -10 787.5 395 -10 3
n 932.5 390 -9.734319 935 392.5 -9.734319 2
n 915 390 -9.734319 920 397.5 -9.734319 2
n 900 390 -10.6521 915 400 -4.8734 2
n 840 390 1.430511E-06 875 400 1.430511E-06 3
n 835 390 1.430511E-06 840 410 1.430511E-06 3
n 832.5 390 0.5585823 835 392.5 0.5585823 3
n 787.5 390 -10 790 395 -10 3
n 782.5 390 -10 787.5 392.5 -10 2
n 780 390 -10 782.5 395 -10 3
n 760 390 -10 780 410 -10 3
n 740 390 -10 760 405 -9.09042 3
n 877.5 387.5 1.430511E-06 885 390 1.054961 2
n 875 387.5 1.430511E-06 877.5 405 1.430511E-06 2
n 852.5 387.5 1.430511E-06 865 390 1.430511E-06 3
n 757.5 387.5 -10 760 390 -10 3
n 750 387.5 -10 757.5 390 -9.999999 2
n 747.5 387.5 -9.97244 750 390 -9.97244 3
n 947.5 385 -10 950 405 -10 3
n 935 385 -10 947.5 395 -9.734319 2
n 875 385 1.430511E-06 885 387.5 1.054961 3
n 865 385 1.430511E-06 875 390 1.430511E-06 3
n 852.5 385 1.430511E-06 865 387.5 1.430511E-06 2
n 850 385 1.430511E-06 852.5 390 1.430511E-06 3
n 800 385 -9.951659 805 395 -9.734319 3
n 760 385 -10 765 390 -10 3
n 757.5 385 -10 760 387.5 -10 2
n 802.5 382.5 -10.169 805 385 -10.169 3
n 780 382.5 -10 790 390 -9.987729 2
n 762.5 382.5 -10 765 385 -10 3
n 760 382.5 -10 762.5 385 -10 2
n 867.5 380 1.430511E-06 885 385 1.054961 3
n 850 380 1.430511E-06 867.5 385 1.430511E-06 2
n 827.5 380 1.430511E-06 850 390 0.7767396 3
n 800 380 -10.169 802.5 385 -9.951659 3
n 790 380 -10.095 800 427.5 -9.734319 3
n 780 380 -9.999999 790 382.5 -9.97545 3
n 740 380 -9.998038 747.5 390 -9.775447 3
n 720 380 -10 740 410 -9.986127 3
n 942.5 377.5 -10 945 385 -10 3
n 935 377.5 -10 942.5 385 -8.86692 2
n 882.5 377.5 1.054961 885 380 1.054961 3
n 852.5 377.5 1.430511E-06 865 380 1.430511E-06 2
n 850 377.5 1.430511E-06 852.5 380 1.430511E-06 3
n 827.5 377.5 0.4713364 832.5 380 0.601326 3
n 747.5 377.5 -9.999999 752.5 387.5 -9.844308 2
n 742.5 377.5 -9.867251 745 380 -9.867251 3
n 945 375 -10 950 385 -10 3
n 940 375 -10 945 377.5 -9.999999 3
n 825 375 0.5585842 827.5 390 0.5585842 2
n 760 375 -10 765 382.5 -9.950278 2
n 755 375 -10 757.5 380 -10 2
n 762.5 372.5 -9.950278 765 375 -9.950278 2
n 745 372.5 -9.732041 747.5 380 -9.688628 2
n 865 370 1.430511E-06 882.5 380 1.052351 3
n 850 370 1.430511E-06 865 377.5 1.430511E-06 3
n 835 370 1.430511E-06 850 380 1.430511E-06 3
n 755 370 -9.999999 757.5 372.5 -9.999999 2
n 932.5 367.5 -9.734319 935 375 -9.176659 2
n 882.5 367.5 1.054961 885 372.5 1.054961 2
n 877.5 367.5 1.430511E-06 882.5 370 0.9491019 3
n 832.5 367.5 0.778007 835 380 0.8850408 3
n 830 367.5 0.7909684 832.5 375 0.8850408 2
n 762.5 367.5 -9.961778 765 372.5 -9.889148 3
n 760 367.5 -9.927377 762.5 370 -9.927377 2
n 935 365 -9.867158 940 377.5 -9.075549 3
n 930 365 -9.734319 935 367.5 -9.174968 2
n 920 365 -9.734458 922.5 397.5 -9.734319 2
n 877.5 365 1.907349E-06 880 367.5 1.907349E-06 2
n 865 365 1.430511E-06 877.5 370 0.7317543 3
n 835 365 1.430511E-06 845 370 0.4498515 3
n 825 365 0.346508 830 375 0.8850398 2
n 757.5 365 -9.327048 760 367.5 -9.327048 2
n 950 360 -10 960 425 -10 3
n 940 360 -10 950 375 -9.999999 3
n 927.5 360 -9.867158 940 365 -9.248729 3
n 920 360 -9.734319 927.5 365 -9.734319 2
n 900 360 -9.734319 920 390 -9.734319 2
n 885 360 -9.734319 900 400 1.054961 2
n 872.5 360 -9.734319 880 365 0.585187 2
n 867.5 360 0.585186 870 365 0.585187 2
n 865 360 0.585186 867.5 365 0.585187 3
n 845 360 -0.2135134 865 370 0.585187 3
n 835 360 0.2079654 840 365 0.3746037 2
n 830 360 0.3236923 835 367.5 0.7385483 2
n 825 360 0.5585837 827.5 365 0.5585842 2
n 805 360 -10.1749 825 397.5 0.5585842 2
n 802.5 360 -10.1749 805 382.5 -9.734319 2
n 780 360 -10.1749 802.5 380 -9.734319 3
n 765 360 -10 780 390 -9.610581 3
n 760 360 -9.854749 765 367.5 -8.787029 3
n 747.5 360 -9.789729 750 367.5 -9.622548 2
n 742.5 360 -9.962958 745 377.5 -9.823838 2
n 720 360 -10 742.5 380 -9.959048 3
n 890 357.5 -9.734319 892.5 360 -9.734319 2
n 805 357.5 -10.0875 812.5 360 -9.734319 2
n 777.5 357.5 -9.999999 790 360 -9.670148 3
n 892.5 355 -9.734319 900 360 -9.734319 2
n 885 355 -9.734319 887.5 360 -9.734319 2
n 812.5 355 -9.734319 815 360 -9.734319 2
n 810 355 -9.734319 812.5 357.5 -9.734319 3
n 782.5 355 -9.997529 785 357.5 -9.997529 2
n 747.5 355 -7.898949 750 357.5 -7.898949 2
n 900 350 -9.734319 910 360 -9.734319 2
n 885 350 -9.734319 900 355 -9.734319 2
n 805 350 -10 810 357.5 -9.86716 3
n 790 350 -10.0875 805 360 -9.568118 3
n 785 350 -9.999999 790 357.5 -9.784057 2
n 732.5 350 -10 750 355 -6.616319 2
n 907.5 347.5 -9.734319 910 350 -9.734319 2
n 897.5 347.5 -9.734319 900 350 -9.734319 3
n 885 347.5 -9.734319 897.5 350 -9.734319 2
n 810 347.5 -9.734319 815 355 -9.734319 3
n 792.5 347.5 -9.843976 797.5 350 -9.779437 3
n 910 345 -9.734319 920 360 -9.194909 2
n 907.5 345 -9.20888 910 347.5 -9.20888 3
n 900 345 -9.734319 907.5 350 -9.535249 3
n 885 345 -9.734319 890 347.5 -9.734319 3
n 880 345 -9.734319 885 367.5 1.907349E-06 2
n 797.5 345 -10 810 350 -9.867158 3
n 792.5 345 -9.908526 797.5 347.5 -9.843207 2
n 785 345 -9.876578 792.5 350 -7.951439 2
n 880 340 -9.734319 882.5 345 -9.734319 2
n 815 340 -9.734319 880 360 -9.734319 2
n 810 340 -10 815 347.5 -9.734319 2
n 802.5 340 -10 810 345 -9.999999 3
n 785 340 -10 802.5 345 -5.701809 2
n 735 340 -10 745 347.5 -9.978959 2
n 860 337.5 -9.734319 875 340 -9.734319 2
n 847.5 337.5 -9.734319 850 340 -9.734319 2
n 820 337.5 -9.734319 827.5 340 -9.734319 2
n 787.5 337.5 -10 810 340 -6.700279 2
n 742.5 337.5 -9.978959 745 340 -9.978959 2
n 882.5 335 -9.734319 890 345 -9.177519 3
n 875 335 -9.734319 882.5 340 -9.734319 2
n 870 335 -9.734319 875 337.5 -9.734319 3
n 842.5 335 -9.734319 845 337.5 -9.734319 2
n 750 335 -10 755 375 -2.07181 2
n 730 335 -10 735 347.5 -10 2
n 840 332.5 -9.734319 847.5 335 -9.734319 2
n 820 332.5 -9.86716 832.5 335 -9.734319 2
n 807.5 332.5 1.52211 812.5 335 1.57678 2
n 795 332.5 1.437301 805 335 1.54584 2
n 790 332.5 1.51753 792.5 335 1.51753 2
n 752.5 332.5 0.4053249 755 335 0.4053249 2
n 747.5 332.5 -6.864969 750 350 0.4053249 2
n 730 332.5 -10 732.5 335 -10 2
n 860 330 -9.734319 870 337.5 -8.975048 3
n 850 330 -9.734319 860 340 -9.734309 2
n 832.5 330 -9.999999 840 335 -9.734319 2
n 805 330 1.52961 807.5 335 1.54205 2
n 792.5 330 1.552101 795 335 1.57221 2
n 755 330 -0.5907884 757.5 340 0.4053249 2
n 750 330 0.4053249 752.5 335 0.4053249 2
n 842.5 327.5 -9.670148 845 330 -9.670148 3
n 815 327.5 -3.755468 830 330 0.4053249 2
n 777.5 327.5 4.768372E-07 780 330 4.768372E-07 2
n 845 325 -9.734319 850 330 -9.734319 3
n 817.5 325 -9.670148 845 327.5 0.4053249 3
n 805 325 4.768372E-07 817.5 327.5 0.4053249 2
n 795 325 4.768372E-07 805 332.5 1.64698 3
n 777.5 325 4.768372E-07 795 327.5 4.768372E-07 2
n 775 325 -9.670148 777.5 360 0.4053249 3
n 732.5 325 -10 735 335 -10 2
n 730 325 -10 732.5 332.5 -10 3
n 920 320 -10.0064 960 360 -9.734319 3
n 900 320 -10.0147 920 345 -9.492288 3
n 890 320 -10.139 900 347.5 -9.734319 3
n 880 320 -10.1294 890 335 -9.432067 3
n 775 320 4.768372E-07 780 325 4.768372E-07 3
n 760 320 -9.670148 775 360 0.4053249 3
n 745 320 0.4053249 750 332.5 0.4053249 2
n 730 320 -10 735 325 -10 3
n 720 320 -10 730 360 -10 3
n 752.5 317.5 0.4053249 755 327.5 0.4053249 2
n 747.5 317.5 0.4053249 750 320 0.4053249 2
n 732.5 317.5 -10 735 320 -10 3
n 895 315 -10.0046 920 320 -10.0046 3
n 757.5 315 -8.904278 760 365 0.4053249 3
n 745 315 0.4053249 747.5 320 0.4053249 2
n 920 310 -10.0046 940 320 -9.737147 3
n 895 310 -10.0046 920 315 -10.0046 2
n 880 310 -10.0046 895 320 -9.998927 3
n 850 310 -10 870 330 -9.734319 3
n 810 310 -9.836919 850 325 0.4053249 3
n 735 310 -10 742.5 340 -9.999999 2
n 732.5 310 -10 735 317.5 -10 2
n 720 310 -10 732.5 320 -10 3
n 932.5 307.5 -9.788478 935 310 -9.788478 3
n 930 307.5 -9.642499 932.5 310 -9.642499 2
n 902.5 307.5 -9.169519 917.5 310 -7.490839 2
n 837.5 307.5 -9.670148 845 310 -8.430837 3
n 917.5 305 -9.412898 925 310 -5.926629 2
n 900 305 -9.169519 902.5 310 -8.334428 2
n 880 305 -10.0339 892.5 310 -9.938788 3
n 845 305 -9.867158 870 310 -9.643689 3
n 837.5 305 -8.430849 840 307.5 -8.430849 2
n 810 305 -7.26201 837.5 310 0.4053249 3
n 750 305 4.768372E-07 760 315 0.90136 3
n 745 305 0.4053249 750 315 0.4053249 2
n 935 302.5 -9.913737 940 310 -9.813178 3
n 920 302.5 -6.841769 922.5 305 -6.841769 2
n 912.5 302.5 -4.373579 915 305 -4.373579 2
n 892.5 302.5 -9.971709 900 310 -8.868139 2
n 882.5 302.5 -10.0393 890 305 -9.991778 3
n 867.5 302.5 -9.734319 870 305 -9.734319 3
n 857.5 302.5 -9.734319 860 305 -9.734319 3
n 810 302.5 4.768372E-07 812.5 305 4.768372E-07 3
n 745 302.5 0.4053249 747.5 305 0.4053249 2
n 940 300 -10 960 320 -9.914998 3
n 935 300 -9.850768 940 302.5 -9.786548 2
n 930 300 -9.693839 935 307.5 -9.478101 2
n 880 300 -10 882.5 305 -9.999999 3
n 870 300 -10 880 335 -9.734319 3
n 867.5 300 -9.734319 870 302.5 -9.734319 2
n 860 300 -9.734319 867.5 305 -9.734319 2
n 857.5 300 -9.734319 860 302.5 -9.734319 2
n 847.5 300 -9.734319 857.5 305 -9.734319 3
n 845 300 -9.734319 847.5 305 -9.734319 2
n 840 300 -9.734319 845 307.5 -9.599689 2
n 800 300 4.768372E-07 810 325 4.768372E-07 3
n 760 300 4.768372E-07 780 320 4.768372E-07 3
n 757.5 300 4.768372E-07 760 305 4.768372E-07 3
n 755 300 0.4053254 757.5 302.5 0.4053254 2
n 750 300 0.4053249 752.5 302.5 0.4053249 2
n 942.5 297.5 -10.0449 947.5 300 -9.976779 3
n 940 297.5 -9.943168 942.5 300 -9.943168 2
n 922.5 297.5 -8.325529 925 305 -7.806949 2
n 872.5 297.5 -10 882.5 300 -9.867158 3
n 870 297.5 -9.734319 872.5 300 -9.734319 2
n 807.5 297.5 4.768372E-07 810 300 4.768372E-07 3
n 760 297.5 4.768372E-07 762.5 300 4.768372E-07 3
n 890 295 -10.1172 892.5 305 -10.028 2
n 877.5 295 -10 880 297.5 -10 2
n 835 295 -9.734319 840 305 -7.38978 2
n 832.5 295 -9.734319 835 297.5 -9.734319 2
n 807.5 295 4.768372E-07 810 297.5 4.768372E-07 2
n 800 295 4.768372E-07 807.5 300 4.768372E-07 3
n 745 295 0.4053249 750 302.5 0.4053249 2
n 902.5 292.5 -7.478159 905 302.5 -6.888489 2
n 880 292.5 -10 882.5 297.5 -10 2
n 875 292.5 -9.999999 877.5 297.5 -9.999999 2
n 802.5 292.5 4.768372E-07 805 295 4.768372E-07 3
n 747.5 292.5 0.4053249 750 295 0.4053249 2
n 940 290 -10.1076 947.5 297.5 -9.675067 2
n 930 290 -9.891227 940 300 -8.81956 2
n 925 290 -9.776227 930 310 -8.422949 2
n 920 290 -8.371989 925 297.5 -7.844529 2
n 905 290 -7.372309 917.5 302.5 -2.707499 2
n 900 290 -8.72938 905 292.5 -7.691379 2
n 890 290 -10.0625 895 295 -9.932107 2
n 882.5 290 -10.081 890 302.5 -9.999999 2
n 870 290 -9.97095 875 297.5 -9.734319 2
n 840 290 -9.838109 870 300 -9.734319 2
n 822.5 290 -9.734319 840 295 -9.734319 2
n 805 290 4.768372E-07 810 295 4.768372E-07 2
n 802.5 290 4.768372E-07 805 292.5 4.768372E-07 2
n 800 290 4.768372E-07 802.5 295 4.768372E-07 3
n 780 290 4.768372E-07 800 325 4.768372E-07 3
n 745 290 0.4053249 747.5 295 0.4053249 2
n 947.5 287.5 -10.2061 960 300 -9.36173 3
n 927.5 287.5 -9.80552 947.5 290 -7.426759 2
n 887.5 287.5 -10.0072 895 290 -9.924857 2
n 877.5 287.5 -10 880 290 -10 2
n 825 287.5 -10.3664 872.5 290 -9.626777 2
n 787.5 287.5 4.768372E-07 795 290 4.768372E-07 3
n 752.5 287.5 0.4053249 755 290 0.4053249 2
n 727.5 287.5 -10 730 310 -10 2
n 720 287.5 -10 727.5 310 -10 3
n 920 285 -6.327789 925 287.5 -6.29242 2
n 872.5 285 -9.999999 885 287.5 -5.06356 2
n 755 285 4.768372E-07 760 300 0.4053249 2
n 730 285 -10 742.5 310 -10 2
n 720 285 -10 730 287.5 -10 2
n 795 282.5 4.768372E-07 815 290 4.768372E-07 2
n 792.5 282.5 4.768372E-07 795 287.5 4.768372E-07 2
n 757.5 282.5 4.768372E-07 760 285 4.768372E-07 2
n 745 282.5 -9.999999 752.5 290 0.4053249 2
n 787.5 280 4.768372E-07 792.5 287.5 9.536743E-07 2
n 780 280 4.768372E-07 787.5 290 9.536743E-07 3
n 762.5 280 4.768372E-07 780 300 9.536743E-07 3
n 760 280 4.768372E-07 762.5 297.5 0.4053249 2
n 762.5 277.5 4.768372E-07 765 280 4.768372E-07 3
n 747.5 277.5 4.768372E-07 750 280 4.768372E-07 2
n 900 275 -9.56207 910 290 1.281321 2
n 855 275 -15.8824 900 285 1.792861 2
n 820 275 -15.8824 855 282.5 9.536743E-07 2
n 720 275 -9.999999 747.5 282.5 4.768372E-07 2
n 820 272.5 -0.02380705 907.5 275 0.8964305 2
n 787.5 272.5 -0.5653005 820 277.5 5.607181 2
n 755 272.5 0.8738794 757.5 277.5 1.74775 2
n 720 272.5 -4.768372E-07 752.5 275 4.768372E-07 2
n 920 270 -9.917048 960 285 5.601931 2
n 910 270 -6.871849 920 290 0.467855 2
n 907.5 270 0.1038003 910 275 0.2422023 2
n 775 265 4.768372E-07 787.5 277.5 0.1430826 2
n 765 265 4.768372E-07 770 280 0.07154131 3
n 760 265 4.768372E-07 765 277.5 4.768372E-07 3
n 755 265 4.768372E-07 760 272.5 4.768372E-07 2
n 777.5 262.5 4.768372E-07 787.5 265 4.768372E-07 2
n 770 260 4.768372E-07 772.5 280 0.1430826 3
n 752.5 252.5 4.768372E-07 755 282.5 0.8738751 2
n 785 250 4.768372E-07 787.5 260 4.768372E-07 2
n 770 250 4.768372E-07 785 260 4.768372E-07 3
n 762.5 250 4.768372E-07 770 265 4.768372E-07 3
n 755 250 4.768372E-07 762.5 265 4.768372E-07 2
g 960 240 0 1200 480 0 430332
n 960 427.5 -10 965 430 -10 2
n 975 425 -10 985 427.5 -10 2
n 965 425 -10 975 430 -9.999999 2
n 960 425 -10 965 427.5 -10 3
n 967.5 422.5 -10 972.5 425 -9.999999 2
n 972.5 420 -10 985 425 -9.999999 2
n 967.5 420 -10 972.5 422.5 -9.999999 3
n 960 420 -10 967.5 425 -10 3
n 977.5 417.5 -10 982.5 420 -10 2
n 975 417.5 -10 977.5 420 -10 3
n 982.5 415 -10 985 420 -10 2
n 980 415 -10 982.5 417.5 -10 3
n 985 410 -10 992.5 427.5 -10 2
n 975 410 -10 980 417.5 -10 3
n 960 410 -10 975 420 -9.999999 3
n 985 405 -10 1000 410 -10 2
n 985 402.5 -10 987.5 405 -10 2
n 990 400 -10 992.5 405 -10 2
n 987.5 392.5 -10 990 405 -8.88442 2
n 985 392.5 -10 987.5 402.5 -9.02297 3
n 1140 390 -20.2253 1160 415 -20 2
n 1140 385 -20 1155 390 -20 2
n 1035 385 -20.2253 1130 415 -20 2
n 985 382.5 -10 990 392.5 -10 2
n 1160 380 -20.2253 1180 415 -20 2
n 1155 380 -20 1160 390 -20 2
n 985 380 -10 987.5 382.5 -10 3
n 980 380 -10 985 415 -9.5848 3
n 1130 375 -20.2253 1140 415 -19.2958 2
n 1107.5 375 -20 1115 385 -19.1681 2
n 1082.5 375 -20 1090 385 -19.1073 2
n 1060 375 -20 1067.5 385 -19.446 2
n 1035 375 -21.1538 1047.5 385 -19.2839 2
n 1130 370 -20 1140 375 -19.3664 3
n 1107.5 370 -20 1115 375 -19.1249 3
n 1082.5 370 -20 1090 375 -19.1676 3
n 1060 370 -20 1067.5 375 -19.4748 3
n 1037.5 370 -20 1047.5 375 -19.3568 3
n 1035 370 -20 1037.5 375 -20 2
n 987.5 370 -10 990 372.5 -10 3
n 980 370 -10 987.5 380 -10 3
n 992.5 367.5 -19.6702 1035 370 -9.59468 2
n 990 367.5 -10 992.5 370 -10 3
n 1035 365 -20 1040 370 -20 3
n 1030 365 -19.6702 1035 367.5 -19.1683 3
n 1090 350 -20 1120 370 -20 3
n 1040 350 -20 1060 370 -19.4465 3
n 1030 350 -20 1040 365 -19.1683 3
n 990 350 -17.9995 1030 367.5 -9.59468 3
n 980 350 -10.253 990 370 -9.34149 3
n 1140 347.5 -20 1142.5 370 -19.1534 3
n 1090 347.5 -19.2783 1105 350 -19.1039 3
n 1045 347.5 -19.2337 1060 350 -19.0885 3
n 987.5 347.5 -20 1037.5 350 -9.594679 3
n 1060 345 -20 1090 370 -19.0966 3
n 1037.5 345 -20 1045 350 -20 3
n 1120 340 -20 1140 370 -20 3
n 1130 335 -20 1140 340 -20 3
n 1137.5 332.5 -20 1140 335 -20 3
n 985 332.5 -10 987.5 350 -10 3
n 1120 330 -20 1130 340 -20 3
n 1105 330 -20.1149 1120 350 -19.3545 3
n 1105 327.5 -20 1107.5 330 -20 3
n 1130 325 -20 1137.5 335 -20 3
n 985 325 -10 997.5 332.5 -10 3
n 1155 322.5 -20 1180 380 -20 2
n 980 322.5 -10 985 350 -10 3
n 1130 320 -20 1132.5 325 -20 3
n 1107.5 320 -20 1130 330 -20 3
n 1107.5 317.5 -20 1132.5 320 -20 3
n 985 315 -10 990 325 -10 2
n 980 315 -10 985 322.5 -10 2
n 990 312.5 -10 992.5 325 -10 2
n 980 312.5 -10 982.5 315 -10 2
n 982.5 310 -10 990 315 -10 2
n 980 310 -10 982.5 312.5 -10 3
n 990 305 -10 995 312.5 -10 2
n 985 305 -10 990 310 -10 3
n 995 300 -10 997.5 302.5 -10 2
n 985 300 -10 995 305 -10 2
n 980 300 -10 985 310 -10 3
n 960 300 -10 980 410 -9.999999 3
n 992.5 297.5 -10 997.5 300 -10 2
n 985 297.5 -10 987.5 300 -10 2
n 985 295 -10 987.5 297.5 -10 3
n 970 295 -10 985 300 -9.999999 3
n 972.5 292.5 -10 987.5 295 -9.999999 3
n 980 290 -10 987.5 292.5 -10 2
n 970 290 -9.999999 972.5 295 -9.999999 3
n 960 290 -10 970 300 -10 3
n 987.5 287.5 -10 992.5 300 -10 2
n 977.5 287.5 -10 980 292.5 -10 2
n 960 287.5 -10 972.5 290 -9.999999 3
n 960 285 -10 972.5 287.5 -9.999999 2
n 972.5 282.5 -10 977.5 292.5 -9.999999 2
