s 380.5 1279 1.5
g 200 800 0 400 1000 0 31042
n 200 800 -2.164935E-14 400 1000 2.220224E-14 2
g 0 1000 0 200 1200 0 31038
n 0 1000 -2.164935E-14 200 1200 2.220224E-14 2
g 0 1200 0 200 1400 0 31040
n 0 1200 -2.164935E-14 200 1400 2.220224E-14 2
g 200 1200 0 400 1400 0 31120
n 360 1360 0 400 1400 1.192093E-07 2
n 360 1340 0 380 1360 1.192093E-07 2
n 380 1337.5 0 400 1360 0.09935224 2
n 375 1335 1.192093E-07 380 1340 0.09935224 2
n 377.5 1332.5 0.09935212 380 1335 0.09935212 2
n 377.5 1327.5 0.09935284 380 1332.5 0.09935319 3
n 375 1327.5 0 377.5 1335 0.09935224 2
n 360 1325 0 375 1340 0.09935224 2
n 372.5 1322.5 0.09935212 375 1325 0.09935212 3
n 367.5 1322.5 0.09935224 372.5 1325 0.09935415 2
n 375 1320 1.192093E-07 380 1327.5 0.09935248 3
n 367.5 1320 -0.06732714 375 1322.5 0.09935331 3
n 360 1320 1.192093E-07 367.5 1325 0.09935331 2
n 320 1320 0 360 1400 0.09935224 2
n 362.5 1317.5 0.09935308 365 1320 0.09935308 3
n 352.5 1317.5 0.09935224 362.5 1320 0.09935224 2
n 365 1310 -0.06706321 380 1320 1.192093E-06 3
n 360 1310 0 365 1317.5 7.152557E-07 3
n 320 1300 0 350 1320 1.192093E-07 2
n 352.5 1292.5 1.072884E-06 355 1317.5 0.09935284 3
n 350 1292.5 0.09935224 352.5 1320 0.09935284 2
n 355 1290 0 360 1317.5 1.192093E-07 3
n 350 1290 0.0993526 355 1292.5 0.1511378 3
n 330 1290 0 350 1300 1.192093E-07 2
n 347.5 1287.5 -0.399492 350 1290 -0.399492 2
n 347.5 1285 0.1415293 350 1287.5 0.1415293 3
n 335 1285 -1.827311 347.5 1290 4.172325E-06 2
n 335 1275 -2.431844 350 1285 0.1415327 3
n 330 1275 1.192093E-07 335 1290 1.633167E-05 2
n 347.5 1272.5 -0.3994937 350 1275 -0.3994937 3
n 350 1270 0 360 1290 0.1565262 3
n 347.5 1270 0 350 1272.5 0 2
n 340 1270 0 347.5 1275 2.503395E-06 2
n 350 1267.5 0.09935284 352.5 1270 0.09935284 3
n 360 1260 0 380 1310 1.7465 3
n 350 1260 0.09935224 352.5 1267.5 0.0993526 2
n 340 1260 0 350 1270 1.192093E-07 2
n 330 1260 1.192093E-07 340 1275 1.192093E-07 2
n 320 1260 1.192093E-07 330 1300 1.192093E-07 2
n 360 1245 0 370 1260 9.536743E-07 3
n 352.5 1245 0 360 1270 0.09935272 3
n 352.5 1242.5 0.09935212 362.5 1245 0.09935272 3
n 370 1240 -0.06732714 380 1260 1.192093E-06 3
n 362.5 1240 -0.06706417 370 1245 0.09935308 3
n 352.5 1240 0.09935212 362.5 1242.5 0.09935224 2
n 320 1240 0 352.5 1260 0.09935224 2
n 367.5 1237.5 0.099352 372.5 1240 0.09935319 3
n 372.5 1235 5.960464E-07 380 1240 0.09935272 3
n 367.5 1235 1.192093E-07 372.5 1237.5 0.09935236 2
n 360 1235 1.192093E-07 367.5 1240 2.384186E-07 2
n 375 1232.5 0.09935331 377.5 1235 0.09935331 3
n 377.5 1227.5 0.09935272 380 1235 0.09935272 3
n 375 1227.5 1.192093E-07 377.5 1232.5 0.09935236 2
n 380 1222.5 0 400 1337.5 1.559937 3
n 380 1220 0.09935224 400 1222.5 0.09935236 2
n 375 1220 0 380 1227.5 0.09935224 2
n 360 1220 1.192093E-07 375 1235 0.09935224 2
n 360 1200 0 400 1220 1.192093E-07 2
n 320 1200 0 360 1240 2.384186E-07 2
n 200 1200 -1.192093E-07 320 1400 2.384186E-07 2
g 400 1200 0 600 1400 0 31064
n 540 1380 0 560 1400 0.09935379 2
n 460 1380 0 537.5 1400 9.536743E-07 3
n 400 1380 0 420 1400 1.907349E-06 2
n 540 1375 9.536743E-07 545 1380 0.09935379 2
n 495 1375 0 537.5 1380 1.907349E-06 3
n 460 1375 0 465 1380 9.536743E-07 3
n 422.5 1375 0 460 1400 0.09935379 3
n 415 1375 0 420 1380 1.907349E-06 2
n 540 1372.5 0.09935284 542.5 1375 0.09935284 2
n 497.5 1372.5 0.09935188 537.5 1375 0.09935379 3
n 422.5 1372.5 0.09935188 462.5 1375 0.09935379 3
n 417.5 1372.5 1.907349E-06 420 1375 1.907349E-06 2
n 537.5 1370 0.09935188 540 1400 0.09935284 2
n 420 1370 0.09935284 422.5 1400 0.09935379 2
n 542.5 1367.5 0.0007638931 545 1375 0.01588154 2
n 535 1367.5 0.01888847 537.5 1372.5 0.09935188 2
n 422.5 1367.5 2.861023E-06 425 1372.5 0.09935379 2
n 415 1367.5 1.907349E-06 417.5 1375 1.907349E-06 2
n 560 1360 0 600 1400 0.006019592 2
n 545 1360 0 560 1380 0.07454777 2
n 535 1360 0.03376961 545 1367.5 0.149725 2
n 520 1360 0.01709366 535 1372.5 0.2095327 2
n 425 1360 5.626678E-05 460 1372.5 0.188138 2
n 415 1360 0 425 1367.5 0.0007152557 2
n 400 1360 0 415 1380 1.907349E-06 2
n 497.5 1352.5 0.09935188 500 1372.5 0.09935284 2
n 495 1352.5 0 497.5 1375 0.09935188 3
n 462.5 1352.5 0.09935188 465 1375 0.09935284 3
n 460 1352.5 0.09935188 462.5 1372.5 0.09935284 2
n 490 1350 -0.08930492 495 1380 0.09526348 3
n 465 1350 -0.08930683 470 1380 0.1109009 3
n 400 1350 0 420 1360 0.09597588 2
n 492.5 1347.5 0.1174469 495 1350 0.1174469 2
n 490 1347.5 0.09659481 492.5 1350 0.09659481 3
n 467.5 1347.5 0.1174469 470 1350 0.1174469 3
n 465 1347.5 0.3278294 467.5 1350 0.3278294 2
n 560 1345 0 580 1360 0.05451965 2
n 495 1345 0.09935474 500 1352.5 1.140114 2
n 490 1345 0.1190863 495 1347.5 0.4413624 2
n 470 1345 -0.01323795 490 1380 0.1537342 3
n 400 1345 0.001898766 415 1350 0.09557915 2
n 567.5 1342.5 0.0006809235 572.5 1345 0.004056931 2
n 407.5 1342.5 0.0198555 412.5 1345 0.04582024 2
n 580 1340 0 600 1360 0.09935188 2
n 572.5 1340 0 580 1345 0.09935188 2
n 470 1340 0.0993557 472.5 1345 1.09228 2
n 465 1340 0.4233227 470 1347.5 2.19241 2
n 460 1340 0.09935379 465 1352.5 2.63831 2
n 420 1340 0.0006971359 460 1360 2.731412 2
n 570 1337.5 0.09935188 600 1340 0.09935284 2
n 412.5 1337.5 0.1132202 415 1345 0.14569 2
n 400 1337.5 0.002039909 407.5 1345 0.09935284 2
n 567.5 1335 0.01520538 572.5 1337.5 0.09935188 2
n 560 1335 0.01410866 567.5 1345 0.1193285 2
n 415 1335 0.1087503 420 1350 0.514781 2
n 410 1335 0.09935379 415 1337.5 0.171236 2
n 500 1330 0.008355141 520 1372.5 6.60344 2
n 490 1330 0.09935284 500 1345 6.760618 2
n 450 1330 2.365806 472.5 1340 6.685054 2
n 490 1325 7.447254 505 1330 9.674417 2
n 455 1325 6.796112 472.5 1330 9.6601 2
n 497.5 1322.5 10.52569 502.5 1325 10.83905 2
n 457.5 1322.5 9.567669 462.5 1325 10.44709 2
n 560 1320 0.01976776 572.5 1335 0.2883606 2
n 520 1320 0.01918888 560 1360 6.231721 2
n 490 1320 10.98709 497.5 1325 12.59936 2
n 487.5 1320 0.09935188 490 1345 12.70813 2
n 462.5 1320 10.79279 472.5 1325 12.59935 2
n 450 1320 5.827402 455 1330 8.722727 2
n 420 1320 0.5796146 450 1340 7.286335 2
n 502.5 1317.5 9.717562 505 1325 11.34236 2
n 492.5 1317.5 12.59935 497.5 1320 12.59935 2
n 460 1317.5 12.59935 467.5 1320 12.59935 2
n 455 1317.5 8.722818 457.5 1325 10.21617 2
n 492.5 1315 12.5 495 1317.5 12.5 3
n 487.5 1315 12.5 492.5 1320 12.6784 2
n 472.5 1315 0.09935379 487.5 1345 12.70813 3
n 467.5 1315 12.5 472.5 1320 12.59935 2
n 465 1315 12.5 467.5 1317.5 12.5 3
n 520 1310 3.080787 540 1320 8.39728 2
n 505 1310 5.06906 520 1330 11.46766 2
n 500 1310 11.62461 505 1317.5 12.59936 2
n 455 1310 10.66689 462.5 1317.5 12.59935 2
n 420 1310 1.540776 455 1320 10.78525 2
n 500 1305 8.321406 525 1310 12.59936 2
n 497.5 1305 12.59935 500 1320 12.59935 2
n 495 1305 12.5 497.5 1317.5 12.5 3
n 465 1305 12.5 470 1315 12.5 3
n 462.5 1305 12.59935 465 1317.5 12.59935 3
n 435 1305 6.839984 462.5 1310 12.59935 2
n 517.5 1302.5 10.85293 522.5 1305 11.34989 2
n 500 1302.5 12.59935 502.5 1305 12.59935 2
n 457.5 1302.5 12.59935 460 1305 12.59935 2
n 437.5 1302.5 9.417828 442.5 1305 10.63879 2
n 540 1300 0.0005159378 572.5 1320 2.985666 2
n 502.5 1300 12.59935 505 1305 12.59935 2
n 500 1300 12.59935 502.5 1302.5 12.59935 3
n 495 1300 12.5 500 1305 12.50573 3
n 470 1300 12.5 495 1315 12.5 3
n 460 1300 12.5 470 1305 12.59935 3
n 457.5 1300 12.59935 460 1302.5 12.59935 3
n 442.5 1300 11.19057 457.5 1305 12.59936 2
n 572.5 1297.5 0.09935188 575 1337.5 0.09935284 3
n 552.5 1297.5 0.09935284 572.5 1300 0.09935379 2
n 522.5 1297.5 9.737571 525 1305 10.84582 2
n 505 1297.5 11.62905 517.5 1305 12.59936 2
n 440 1297.5 12.59935 455 1300 12.59935 2
n 435 1297.5 8.166563 437.5 1305 9.160363 2
n 575 1295 0 580 1337.5 1.907349E-06 3
n 552.5 1295 0 575 1297.5 0.09935284 3
n 540 1295 0.09935474 552.5 1300 2.579905 2
n 505 1295 12.5 515 1297.5 12.5 3
n 500 1295 12.5 505 1300 12.53873 3
n 455 1295 12.5 460 1300 12.59935 3
n 450 1295 12.5 455 1297.5 12.5 3
n 410 1295 0.08877754 420 1335 1.597783 2
n 407.5 1295 0.06852341 410 1340 0.09935284 2
n 400 1295 0 407.5 1337.5 9.536743E-07 3
n 547.5 1292.5 0.1174469 550 1295 0.1174469 2
n 517.5 1292.5 12.59935 520 1300 12.59935 2
n 515 1292.5 12.5 517.5 1297.5 12.5 3
n 442.5 1292.5 12.59935 445 1297.5 12.59935 3
n 410 1292.5 0.09145164 412.5 1295 0.09145164 2
n 547.5 1290 0.09659481 550 1292.5 0.09659481 3
n 540 1290 0.09935284 547.5 1295 1.789873 2
n 525 1290 2.40385 540 1310 9.682217 2
n 520 1290 10.99133 525 1297.5 12.59936 2
n 515 1290 12.5 520 1292.5 12.59935 2
n 442.5 1290 12.59936 445 1292.5 12.59936 2
n 435 1290 9.39533 442.5 1297.5 12.59935 2
n 420 1290 1.07129 435 1310 8.11742 2
n 412.5 1290 0.09514713 420 1295 0.8219938 2
n 410 1290 -0.01901531 412.5 1292.5 -0.01901531 3
n 515 1287.5 0.09935284 545 1290 12.66624 2
n 415 1287.5 -0.03204155 445 1290 12.6782 2
n 515 1272.5 0.09935284 545 1287.5 12.66624 3
n 415 1272.5 0.01360226 445 1287.5 12.6782 3
n 545 1270 -0.013237 550 1290 0.1190872 3
n 500 1270 12.5 515 1295 12.5 3
n 450 1270 12.5 460 1295 12.5 3
n 445 1270 12.49684 450 1297.5 12.65817 3
n 410 1270 -0.04107952 415 1290 0.0954628 3
n 547.5 1267.5 0.1174459 550 1270 0.1174459 3
n 545 1267.5 0.4244394 547.5 1270 0.4244394 2
n 515 1267.5 12.5 517.5 1272.5 12.5 2
n 442.5 1267.5 12.59935 445 1272.5 12.59935 2
n 412.5 1267.5 0.116209 415 1270 0.116209 2
n 410 1267.5 0.09180069 412.5 1270 0.09180069 3
n 550 1265 -0.08930779 580 1295 0.1109009 3
n 520 1265 10.94172 525 1272.5 12.59936 2
n 515 1265 12.5 517.5 1267.5 12.5 3
n 505 1265 12.5 515 1270 12.5 3
n 445 1265 12.5 455 1270 12.5 3
n 442.5 1265 12.59935 445 1267.5 12.59935 3
n 435 1265 9.457727 440 1272.5 11.38453 2
n 415 1265 0.09935379 420 1272.5 1.249289 2
n 410 1265 0.08888721 415 1267.5 0.2469168 2
n 400 1265 0 410 1295 0.07196522 3
n 552.5 1262.5 0.09935188 572.5 1265 0.09935284 3
n 550 1262.5 0.09935474 552.5 1265 0.09935474 2
n 520 1262.5 12.59936 522.5 1265 12.59936 2
n 505 1262.5 12.59935 517.5 1265 12.59935 3
n 442.5 1262.5 12.59935 455 1265 12.59935 3
n 437.5 1262.5 10.79513 440 1265 10.79513 2
n 580 1260 0 600 1337.5 9.536743E-07 3
n 572.5 1260 0 580 1265 0.09935284 3
n 550 1260 0.09935284 560 1262.5 0.09935474 2
n 545 1260 0.3341856 550 1267.5 1.319169 2
n 540 1260 0.09935284 545 1272.5 2.674749 2
n 517.5 1260 12.59935 520 1272.5 12.59936 2
n 500 1260 12.5 505 1270 12.59935 3
n 460 1260 10.75175 500 1300 12.94024 3
n 455 1260 12.5 460 1270 12.59935 3
n 450 1260 12.59935 455 1262.5 12.59935 2
n 440 1260 12.59935 442.5 1272.5 12.59935 2
n 522.5 1257.5 9.568919 525 1265 10.77747 2
n 502.5 1257.5 12.59936 505 1260 12.59936 2
n 500 1257.5 12.59935 502.5 1260 12.59935 3
n 457.5 1257.5 12.59935 460 1260 12.59935 3
n 442.5 1257.5 11.29807 445 1262.5 12.59935 2
n 435 1257.5 8.393317 437.5 1265 9.258249 2
n 517.5 1255 10.23532 520 1257.5 10.23532 2
n 510 1255 10.68386 517.5 1262.5 12.59936 2
n 495 1255 12.5 500 1260 12.59935 3
n 460 1255 12.50572 465 1260 12.59936 3
n 457.5 1255 12.28117 460 1257.5 12.28117 2
n 450 1255 11.43805 457.5 1260 12.2803 2
n 525 1250 2.374001 540 1272.5 9.651534 2
n 520 1250 7.382275 525 1257.5 9.620083 2
n 495 1250 12.5 497.5 1255 12.5 3
n 465 1250 12.5 495 1260 12.5 3
n 445 1250 9.40773 450 1262.5 12.59935 2
n 435 1250 6.721815 445 1257.5 10.32388 2
n 420 1250 1.072963 435 1272.5 8.139329 2
n 500 1245 11.5195 505 1257.5 12.59936 2
n 465 1245 12.5 497.5 1250 12.65747 3
n 450 1245 9.414903 460 1255 12.11957 2
n 500 1242.5 12.59936 502.5 1245 12.59936 2
n 492.5 1242.5 12.59935 497.5 1245 12.59935 3
n 490 1242.5 12.59935 492.5 1245 12.59935 2
n 467.5 1242.5 12.59935 472.5 1245 12.59935 2
n 465 1242.5 12.59935 467.5 1245 12.59935 3
n 462.5 1242.5 12.59935 465 1255 12.59935 3
n 457.5 1242.5 11.28539 460 1245 11.28539 2
n 497.5 1240 12.59935 500 1255 12.59935 2
n 460 1240 12.59935 462.5 1255 12.59935 2
n 502.5 1237.5 9.442175 505 1245 11.21099 2
n 462.5 1237.5 10.7161 465 1242.5 12.59935 2
n 497.5 1235 9.12159 500 1237.5 9.12159 2
n 490 1235 9.347706 497.5 1242.5 12.59935 2
n 465 1235 9.324022 472.5 1242.5 12.59935 2
n 457.5 1235 8.219922 465 1237.5 9.104116 2
n 450 1235 6.595231 457.5 1245 10.30796 2
n 510 1230 3.753943 520 1255 10.8071 2
n 505 1230 5.151131 510 1262.5 12.59936 2
n 500 1230 5.847513 505 1237.5 8.74972 2
n 410 1230 0.09935188 420 1265 1.656497 2
n 560 1225 1.907349E-06 570 1262.5 0.3056154 2
n 410 1225 0.09935188 415 1230 0.1741667 2
n 572.5 1222.5 0 600 1260 0.09935379 3
n 567.5 1222.5 1.907349E-06 570 1225 1.907349E-06 2
n 410 1222.5 0.09935379 412.5 1225 0.09935379 2
n 400 1222.5 0 407.5 1265 0.09935379 3
n 570 1220 0.09935188 572.5 1262.5 0.09935379 2
n 540 1220 0.02008438 560 1260 2.827622 2
n 520 1220 0.5966244 540 1250 7.411342 2
n 450 1220 0.9698963 472.5 1235 8.053984 2
n 420 1220 0.3844995 450 1250 9.371401 2
n 415 1220 0.1678953 420 1230 0.5701809 2
n 407.5 1220 0.09935188 410 1265 0.09935284 2
n 572.5 1217.5 9.536743E-07 575 1222.5 0.09935284 2
n 412.5 1217.5 0.05768967 415 1225 0.1091413 2
n 575 1215 0 580 1222.5 0.09935379 2
n 567.5 1215 0 575 1217.5 1.907349E-06 2
n 560 1215 0 567.5 1225 0.01578999 2
n 535 1215 0.1550121 545 1220 0.4871407 2
n 490 1215 0.09935284 500 1235 8.081199 2
n 487.5 1215 0.09844875 490 1245 12.68011 2
n 472.5 1215 0.09844875 487.5 1245 12.68011 3
n 465 1215 0.0993557 472.5 1220 0.8814898 2
n 415 1215 0.07036686 430 1220 0.5795279 2
n 407.5 1215 0.001281738 415 1217.5 0.03326988 2
n 400 1215 0 407.5 1222.5 0.09935379 2
n 537.5 1212.5 0.08805466 542.5 1215 0.1099997 2
n 490 1212.5 0.09546375 492.5 1215 0.09546375 2
n 467.5 1212.5 0.1159058 470 1215 0.1159058 2
n 417.5 1212.5 0.05795956 422.5 1215 0.07897568 2
n 535 1210 0.09935284 537.5 1215 0.1390877 2
n 520 1210 0.09935284 535 1220 0.998992 2
n 500 1210 0.09935284 520 1230 4.97562 2
n 492.5 1210 0.08888721 500 1215 0.346324 2
n 490 1210 -0.01081276 492.5 1212.5 -0.01081276 3
n 470 1210 -0.04108143 490 1215 0.09514523 3
n 467.5 1210 0.09145164 470 1212.5 0.09145164 3
n 465 1210 0.0887785 467.5 1215 0.1181145 2
n 430 1210 0.0963707 465 1220 1.229323 2
n 422.5 1210 0.09935188 430 1215 0.1765413 2
n 542.5 1207.5 0.002710342 545 1215 0.0713892 2
n 495 1207.5 0.07196331 537.5 1210 0.09935379 2
n 420 1207.5 0.08453465 465 1210 0.09935379 2
n 415 1207.5 0 417.5 1215 0.03376102 2
n 580 1200 0 600 1222.5 0.09935379 2
n 560 1200 -9.536743E-07 580 1215 1.907349E-06 2
n 545 1200 0 560 1220 0.1979694 2
n 540 1200 0 545 1207.5 0.09935379 2
n 537.5 1200 0.09935188 540 1210 0.09935379 2
n 495 1200 -9.536743E-07 537.5 1207.5 1.907349E-06 3
n 465 1200 -9.536743E-07 495 1210 0.0685215 3
n 422.5 1200 -9.536743E-07 465 1207.5 0.09935379 3
n 415 1200 1.907349E-06 422.5 1207.5 0.09935379 2
n 400 1200 0 415 1215 0.01600266 2
g 200 1000 0 400 1200 0 1783
n 200 1000 -2.164935E-14 400 1200 2.220224E-14 2
g 400 800 0 600 1200 0 31055
n 540 1190 0 560 1200 0 2
n 500 1190 0 537.5 1200 2.980232E-08 3
n 422.5 1190 0 460 1200 2.980232E-08 3
n 400 1190 0 420 1200 2.980232E-08 2
n 540 1185 0 545 1190 0 2
n 415 1185 0 420 1190 2.980232E-08 2
n 540 1182.5 0 542.5 1185 0 2
n 505 1182.5 0 537.5 1190 2.980232E-08 3
n 422.5 1182.5 0 455 1190 2.980232E-08 3
n 417.5 1182.5 2.980232E-08 420 1185 2.980232E-08 2
n 537.5 1180 0 540 1200 0 2
n 500 1180 0 505 1190 2.980232E-08 3
n 460 1180 0 500 1200 6.258488E-07 3
n 455 1180 0 460 1190 2.980232E-08 3
n 450 1180 0 455 1182.5 0 2
n 420 1180 0 422.5 1200 2.980232E-08 2
n 542.5 1177.5 0 545 1185 0 2
n 535 1177.5 0 537.5 1182.5 0 2
n 502.5 1177.5 0 505 1180 0 2
n 500 1177.5 0 502.5 1180 0 3
n 457.5 1177.5 2.384186E-07 460 1180 2.384186E-07 3
n 422.5 1177.5 2.980232E-08 425 1182.5 2.980232E-08 2
n 415 1177.5 2.980232E-08 417.5 1185 2.980232E-08 2
n 505 1175 0 510 1182.5 2.980232E-08 2
n 500 1175 0 505 1177.5 2.980232E-08 2
n 490 1175 0 500 1180 0 3
n 460 1175 -0.05263504 470 1180 0.1990491 3
n 457.5 1175 6.258488E-07 460 1177.5 6.258488E-07 2
n 450 1175 0 457.5 1180 2.980232E-08 2
n 545 1170 0 560 1190 0 2
n 535 1170 0 545 1177.5 0 2
n 520 1170 0 535 1182.5 0 2
n 425 1170 0 440 1182.5 2.980232E-08 2
n 415 1170 0 425 1177.5 2.980232E-08 2
n 400 1170 0 415 1190 2.980232E-08 2
n 560 1160 0 600 1200 0 2
n 520 1160 0 560 1170 0 2
n 500 1160 0 510 1175 2.980232E-08 2
n 490 1160 0 497.5 1175 0 3
n 462.5 1160 -0.1149715 470 1175 0.08331668 3
n 450 1160 0 460 1175 2.771616E-06 2
n 440 1160 0 450 1182.5 2.980232E-08 2
n 497.5 1157.5 0 500 1175 0 2
n 492.5 1157.5 0 497.5 1160 0 3
n 462.5 1157.5 5.960464E-08 467.5 1160 0.0172013 3
n 460 1157.5 -0.1671614 462.5 1175 0.0001366138 2
n 500 1155 0 505 1160 0 2
n 490 1155 0 492.5 1160 0 3
n 467.5 1155 0 470 1160 2.980232E-08 3
n 455 1155 0 460 1160 0 2
n 502.5 1152.5 0 505 1155 0 2
n 455 1152.5 0 457.5 1155 0 2
n 505 1145 0 510 1160 2.980232E-08 2
n 502.5 1145 0 505 1147.5 0 2
n 455 1145 0 457.5 1147.5 0 2
n 490 1142.5 0 492.5 1145 0 3
n 467.5 1142.5 0 470 1145 0 3
n 510 1140 0 520 1182.5 2.980232E-08 2
n 500 1140 0 510 1145 2.980232E-08 2
n 455 1140 0 460 1145 0 2
n 440 1140 0 455 1160 0 2
n 500 1100 0 520 1140 2.980232E-08 2
n 500 1090 0 510 1100 0 2
n 490 1090 0 497.5 1142.5 2.682209E-07 3
n 465 1090 0 470 1142.5 0 3
n 440 1090 0 460 1140 0 2
n 497.5 1087.5 0 500 1142.5 0 2
n 492.5 1087.5 0 497.5 1090 0 3
n 465 1087.5 0 467.5 1090 0 3
n 462.5 1087.5 0 465 1142.5 0 3
n 460 1087.5 0 462.5 1142.5 0 2
n 500 1085 0 505 1090 0 2
n 490 1085 0 492.5 1090 0 3
n 467.5 1085 0 470 1090 0 3
n 455 1085 0 460 1090 0 2
n 502.5 1082.5 0 505 1085 0 2
n 455 1082.5 0 457.5 1085 0 2
n 505 1075 0 510 1090 0 2
n 502.5 1075 0 505 1077.5 0 2
n 455 1075 0 457.5 1077.5 0 2
n 490 1072.5 0 492.5 1075 0 3
n 467.5 1072.5 0 470 1075 0 3
n 510 1070 0 520 1100 0 2
n 500 1070 0 510 1075 0 2
n 455 1070 0 460 1075 0 2
n 440 1070 0 455 1090 0 2
n 500 1020 0 520 1070 2.980232E-08 2
n 500 1010 0 510 1020 2.980232E-08 2
n 490 1010 0 497.5 1072.5 2.682209E-07 3
n 465 1010 0 470 1072.5 0 3
n 440 1010 0 460 1070 2.980232E-08 2
n 497.5 1007.5 0 500 1072.5 0 2
n 492.5 1007.5 0 497.5 1010 0 3
n 465 1007.5 0 467.5 1010 0 3
n 462.5 1007.5 0 465 1072.5 0 3
n 460 1007.5 0 462.5 1072.5 2.980232E-08 2
n 500 1005 0 505 1010 0 2
n 490 1005 0 492.5 1010 0 3
n 467.5 1005 0 470 1010 0 3
n 455 1005 0 460 1010 2.980232E-08 2
n 502.5 1002.5 2.980232E-08 505 1005 2.980232E-08 2
n 455 1002.5 2.980232E-08 457.5 1005 2.980232E-08 2
n 505 995 0 510 1010 2.980232E-08 2
n 502.5 995 0 505 997.5 0 2
n 455 995 0 457.5 997.5 0 2
n 490 992.5 0 492.5 995 0 3
n 467.5 992.5 0 470 995 0 3
n 510 990 0 520 1020 2.980232E-08 2
n 500 990 0 510 995 0 2
n 455 990 0 460 995 2.980232E-08 2
n 440 990 0 455 1010 2.980232E-08 2
n 500 940 0 520 990 2.980232E-08 2
n 500 930 0 510 940 2.980232E-08 2
n 497.5 930 0 500 992.5 0 2
n 490 930 0 497.5 992.5 2.682209E-07 3
n 462.5 930 0 470 992.5 0 3
n 440 930 0 460 990 2.980232E-08 2
n 497.5 927.5 0 502.5 930 2.980232E-08 2
n 492.5 927.5 0 497.5 930 0 3
n 462.5 927.5 0 467.5 930 0 3
n 460 927.5 0 462.5 992.5 2.980232E-08 2
n 490 925 0 492.5 930 0 3
n 467.5 925 0 470 930 0 3
n 455 925 0 460 930 2.980232E-08 2
n 502.5 922.5 0 505 930 2.980232E-08 2
n 455 922.5 0 457.5 925 0 2
n 505 915 0 510 930 2.980232E-08 2
n 502.5 915 0 505 917.5 0 2
n 455 915 0 457.5 917.5 0 2
n 490 912.5 0 492.5 915 0 3
n 467.5 912.5 0 470 915 0 3
n 510 910 0 520 940 2.980232E-08 2
n 500 910 0 510 915 2.980232E-08 2
n 455 910 0 460 915 0 2
n 440 910 0 455 930 2.980232E-08 2
n 500 860 0 520 910 2.980232E-08 2
n 490 860 0 497.5 912.5 2.682209E-07 3
n 462.5 860 0 470 912.5 0 3
n 440 860 0 460 910 2.980232E-08 2
n 497.5 857.5 0 500 912.5 0 2
n 492.5 857.5 0 497.5 860 0 3
n 462.5 857.5 0 467.5 860 0 3
n 460 857.5 0 462.5 912.5 2.980232E-08 2
n 500 855 0 505 860 2.980232E-08 2
n 490 855 0 492.5 860 0 3
n 467.5 855 0 470 860 0 3
n 455 855 0 460 860 0 2
n 502.5 852.5 2.980232E-08 505 855 2.980232E-08 2
n 455 852.5 0 457.5 855 0 2
n 505 845 0 510 860 2.980232E-08 2
n 502.5 845 0 505 847.5 0 2
n 455 845 0 457.5 847.5 0 2
n 467.5 842.5 0 470 845 0 3
n 520 840 0 600 1160 2.980232E-08 2
n 492.5 840 0 495 842.5 0 3
n 490 840 0 492.5 845 0 3
n 470 840 -1.356063 490 1180 0.2750052 3
n 460 840 2.980232E-08 462.5 842.5 2.980232E-08 2
n 455 840 0 460 845 2.980232E-08 2
n 440 840 0 455 860 2.980232E-08 2
n 400 840 0 440 1170 2.980232E-08 2
n 520 830 0 550 840 2.980232E-08 2
n 510 830 0 520 860 2.980232E-08 2
n 400 830 0 430 840 2.980232E-08 2
n 535 825 2.980232E-08 545 830 2.980232E-08 2
n 500 825 0 510 845 2.980232E-08 2
n 497.5 825 0 500 842.5 0 2
n 495 825 0 497.5 842.5 0 3
n 462.5 825 0 470 842.5 0 3
n 450 825 0 462.5 840 2.980232E-08 2
n 415 825 0 430 830 2.980232E-08 2
n 537.5 822.5 0 542.5 825 0 2
n 500 822.5 2.980232E-08 502.5 825 2.980232E-08 2
n 457.5 822.5 0 460 825 0 2
n 417.5 822.5 2.980232E-08 422.5 825 2.980232E-08 2
n 535 820 0 537.5 825 2.980232E-08 2
n 510 820 0 535 830 2.980232E-08 2
n 502.5 820 0 510 825 2.980232E-08 2
n 500 820 2.980232E-08 502.5 822.5 2.980232E-08 3
n 495 820 0 500 825 0 3
n 470 820 0 495 840 9.23872E-07 3
n 460 820 0 470 825 2.980232E-08 3
n 457.5 820 2.980232E-08 460 822.5 2.980232E-08 3
n 450 820 0 457.5 825 2.980232E-08 2
n 430 820 0 450 840 2.980232E-08 2
n 422.5 820 2.980232E-08 430 825 2.980232E-08 2
n 542.5 817.5 0 545 825 2.980232E-08 2
n 505 817.5 0 537.5 820 2.980232E-08 2
n 420 817.5 2.980232E-08 455 820 2.980232E-08 2
n 415 817.5 2.980232E-08 417.5 825 2.980232E-08 2
n 545 815 0 550 830 2.980232E-08 2
n 540 815 0 545 817.5 0 2
n 505 815 0 537.5 817.5 2.980232E-08 3
n 500 815 0 505 820 1.072884E-06 3
n 455 815 0 460 820 2.980232E-08 3
n 450 815 0 455 817.5 0 3
n 415 810 0 422.5 817.5 2.980232E-08 2
n 400 810 0 415 830 2.980232E-08 2
n 550 800 0 600 840 2.980232E-08 2
n 540 800 0 550 815 2.980232E-08 2
n 537.5 800 0 540 820 2.980232E-08 2
n 500 800 0 537.5 815 1.162291E-06 3
n 460 800 -0.2071527 500 820 0.2750053 3
n 450 800 0 460 815 2.980232E-08 3
n 422.5 800 0 450 817.5 2.980232E-08 3
n 400 800 0 422.5 810 2.980232E-08 2
g 400 600 0 600 800 0 31050
n 540 795 0 550 800 0 2
n 410 795 0 420 800 1.192093E-07 2
n 550 790 0 560 800 0 2
n 540 790 0 542.5 795 0 2
n 470 790 0 537.5 800 0.7356468 3
n 417.5 790 0 420 795 0 2
n 400 790 0 410 800 1.192093E-07 2
n 540 785 0 545 790 0 2
n 485 785 0 537.5 790 0.3418581 3
n 470 785 0 475 790 1.192093E-07 3
n 422.5 785 0 470 800 1.192093E-07 3
n 415 785 0 420 790 1.192093E-07 2
n 540 782.5 0 542.5 785 0 2
n 492.5 782.5 0 537.5 785 1.192093E-07 3
n 422.5 782.5 -1.192093E-07 467.5 785 1.192093E-07 3
n 417.5 782.5 0 420 785 0 2
n 537.5 780 0 540 800 0 2
n 485 780 0.3418598 487.5 785 0.9453481 3
n 472.5 780 1.192093E-07 475 785 1.192093E-07 3
n 420 780 0 422.5 800 1.192093E-07 2
n 542.5 777.5 0 545 785 0 2
n 422.5 777.5 0 425 782.5 1.192093E-07 2
n 415 777.5 1.192093E-07 417.5 785 1.192093E-07 2
n 537.5 775 0 540 777.5 0 2
n 530 775 0 537.5 782.5 0 2
n 492.5 772.5 0 495 782.5 0 2
n 485 772.5 1.045047 487.5 780 1.386904 2
n 472.5 772.5 0 475 780 1.192093E-07 2
n 545 770 0 560 790 0 2
n 540 770 0 545 777.5 0 2
n 495 770 0 500 782.5 0 2
n 490 770 0 495 772.5 0 2
n 467.5 770 0 475 772.5 1.192093E-07 2
n 460 770 0 467.5 782.5 1.192093E-07 2
n 425 770 0 430 782.5 0 2
n 415 770 0 425 777.5 1.192093E-07 2
n 400 770 -1.192093E-07 415 790 1.192093E-07 2
n 500 760 0 530 782.5 1.192093E-07 2
n 490 760 0 500 770 0 2
n 460 760 0 475 770 1.192093E-07 2
n 430 760 -1.192093E-07 460 782.5 1.192093E-07 2
n 490 750 0 530 760 1.192093E-07 2
n 485 750 3.218651E-06 490 772.5 1.045046 2
n 450 750 -1.192093E-07 475 760 1.192093E-07 2
n 487.5 747.5 0 492.5 750 3.218651E-06 2
n 467.5 747.5 0 472.5 750 1.192093E-07 2
n 515 745 0 525 750 1.192093E-07 2
n 430 745 -1.192093E-07 450 760 1.192093E-07 2
n 517.5 742.5 0 522.5 745 0 2
n 437.5 742.5 -1.192093E-07 442.5 745 0 2
n 515 740 1.192093E-07 517.5 745 1.192093E-07 2
n 492.5 740 0 515 750 1.192093E-07 2
n 485 740 0.9453565 487.5 750 1.386904 2
n 475 740 0.3418559 485 790 1.386903 3
n 472.5 740 1.192093E-07 475 750 1.192093E-07 2
n 450 740 -1.192093E-07 467.5 750 1.311302E-06 2
n 442.5 740 -1.192093E-07 450 745 0 2
n 522.5 737.5 0 525 745 0 2
n 492.5 737.5 0 517.5 740 1.192093E-07 2
n 440 737.5 -1.192093E-07 467.5 740 0.4385134 2
n 525 735 1.192093E-07 530 750 1.192093E-07 2
n 520 735 0 525 737.5 0 2
n 492.5 735 0 510 737.5 1.192093E-07 3
n 472.5 735 1.192093E-07 487.5 740 0.9453498 3
n 460 735 0 467.5 737.5 1.311302E-06 3
n 437.5 735 -1.192093E-07 442.5 737.5 0 2
n 430 735 -1.192093E-07 437.5 745 0 2
n 560 720 0 600 800 1.192093E-07 2
n 540 720 0 560 770 1.192093E-07 2
n 530 720 0 540 775 1.192093E-07 2
n 520 720 0 530 735 1.192093E-07 2
n 430 720 -1.192093E-07 442.5 735 1.192093E-07 2
n 400 720 -1.192093E-07 430 770 1.192093E-07 2
n 520 715 0 545 720 1.192093E-07 2
n 517.5 715 0 520 740 1.192093E-07 2
n 510 715 0 517.5 737.5 1.192093E-07 3
n 442.5 715 -1.192093E-07 450 737.5 1.192093E-07 3
n 415 715 0 442.5 720 1.192093E-07 2
n 537.5 712.5 0 542.5 715 1.192093E-07 2
n 520 712.5 1.192093E-07 522.5 715 1.192093E-07 2
n 437.5 712.5 1.192093E-07 440 715 1.192093E-07 2
n 417.5 712.5 0 422.5 715 1.192093E-07 2
n 522.5 710 1.192093E-07 525 715 1.192093E-07 2
n 520 710 1.192093E-07 522.5 712.5 1.192093E-07 3
n 437.5 710 1.192093E-07 440 712.5 1.192093E-07 3
n 435 710 1.192093E-07 437.5 715 1.192093E-07 2
n 542.5 707.5 0 545 715 0 2
n 525 707.5 0 537.5 715 1.192093E-07 2
n 422.5 707.5 0 435 715 1.192093E-07 2
n 415 707.5 1.192093E-07 417.5 715 1.192093E-07 2
n 540 695 0 545 707.5 1.192093E-07 2
n 415 695 0 420 707.5 1.192093E-07 2
n 540 692.5 0 542.5 695 0 2
n 525 692.5 0 537.5 707.5 1.192093E-07 3
n 422.5 692.5 0 435 707.5 1.192093E-07 3
n 417.5 692.5 0 420 695 0 2
n 537.5 690 0 540 710 1.192093E-07 2
n 520 690 0 525 710 1.192093E-07 3
n 435 690 -1.192093E-07 440 710 1.192093E-07 3
n 430 690 0 435 692.5 0 2
n 420 690 0 422.5 710 1.192093E-07 2
n 542.5 687.5 0 545 695 1.192093E-07 2
n 522.5 687.5 1.192093E-07 525 690 1.192093E-07 2
n 520 687.5 1.192093E-07 522.5 690 1.192093E-07 3
n 437.5 687.5 1.192093E-07 440 690 1.192093E-07 3
n 422.5 687.5 1.192093E-07 425 692.5 1.192093E-07 2
n 415 687.5 1.192093E-07 417.5 695 1.192093E-07 2
n 537.5 685 1.192093E-07 540 687.5 1.192093E-07 2
n 525 685 0 537.5 692.5 1.192093E-07 2
n 520 685 1.192093E-07 525 687.5 1.192093E-07 2
n 510 685 0 520 715 0.1118098 3
n 440 685 -1.192093E-07 450 715 1.192093E-07 3
n 437.5 685 1.192093E-07 440 687.5 1.192093E-07 2
n 430 685 0 437.5 690 1.192093E-07 2
n 545 680 0 600 720 1.192093E-07 2
n 540 680 0 545 687.5 0 2
n 510 680 0 517.5 685 1.192093E-07 3
n 460 680 -0.8619298 510 735 0.7356468 3
n 425 680 0 430 692.5 0 2
n 415 680 0 425 687.5 1.192093E-07 2
n 400 680 -1.192093E-07 415 720 1.192093E-07 2
n 520 670 0 530 685 1.192093E-07 2
n 460 670 -0.8619221 517.5 680 0.7356468 3
n 450 670 -1.192093E-07 460 737.5 0.4297149 3
n 520 665 0 525 670 0 2
n 485 665 0 517.5 670 0.3418581 3
n 450 665 -1.192093E-07 475 670 1.192093E-07 3
n 430 665 -1.192093E-07 440 685 1.192093E-07 2
n 520 662.5 0 522.5 665 0 2
n 492.5 662.5 0 517.5 665 1.192093E-07 3
n 450 662.5 -1.192093E-07 467.5 665 0 3
n 442.5 662.5 -1.192093E-07 450 685 1.192093E-07 3
n 437.5 662.5 -1.192093E-07 440 665 -1.192093E-07 2
n 517.5 660 0 520 685 1.192093E-07 2
n 485 660 0.3418597 487.5 665 0.9453516 3
n 472.5 660 0 475 665 1.192093E-07 3
n 440 660 0 442.5 685 1.192093E-07 2
n 522.5 657.5 -1.192093E-07 525 665 0 2
n 515 657.5 1.192093E-07 517.5 662.5 1.192093E-07 2
n 442.5 657.5 0 445 662.5 1.192093E-07 2
n 437.5 655 1.192093E-07 440 657.5 1.192093E-07 2
n 430 655 -1.192093E-07 437.5 665 1.192093E-07 2
n 492.5 652.5 -1.192093E-07 495 662.5 0 2
n 485 652.5 1.045047 487.5 660 1.386905 2
n 472.5 652.5 0 475 660 1.192093E-07 2
n 525 650 0 530 670 1.192093E-07 2
n 515 650 -1.192093E-07 525 657.5 1.192093E-07 2
n 495 650 -1.192093E-07 515 662.5 1.192093E-07 2
n 490 650 -1.192093E-07 495 652.5 -1.192093E-07 2
n 467.5 650 -1.192093E-07 475 652.5 1.192093E-07 2
n 445 650 -1.192093E-07 467.5 662.5 1.192093E-07 2
n 440 650 0 445 657.5 1.192093E-07 2
n 540 640 -1.192093E-07 600 680 1.192093E-07 2
n 400 640 -1.192093E-07 430 680 1.192093E-07 2
n 540 630 0 550 640 1.192093E-07 2
n 530 630 -1.192093E-07 540 685 1.192093E-07 2
n 490 630 -1.192093E-07 500 650 0 2
n 485 630 3.099442E-06 490 652.5 1.045046 2
n 460 630 -1.192093E-07 475 650 1.192093E-07 2
n 487.5 627.5 0 492.5 630 3.218651E-06 2
n 467.5 627.5 0 472.5 630 0 2
n 530 625 0 545 630 0 2
n 410 625 -1.192093E-07 430 640 1.192093E-07 2
n 537.5 622.5 0 542.5 625 0 2
n 417.5 622.5 0 422.5 625 1.192093E-07 2
n 530 620 0 537.5 625 0 2
n 500 620 -1.192093E-07 530 650 1.192093E-07 2
n 492.5 620 0 500 630 0 2
n 475 620 0.3418559 485 670 1.386901 3
n 472.5 620 0 475 630 1.192093E-07 2
n 460 620 0 467.5 630 0 2
n 440 620 -1.192093E-07 460 650 1.192093E-07 2
n 430 620 -1.192093E-07 440 655 1.192093E-07 2
n 422.5 620 -1.192093E-07 430 625 0 2
n 542.5 617.5 0 545 625 0 2
n 492.5 617.5 1.192093E-07 537.5 620 1.192093E-07 2
n 485 617.5 0.3418602 487.5 630 1.386904 2
n 420 617.5 0 467.5 620 1.192093E-07 2
n 492.5 615 1.192093E-07 537.5 617.5 1.192093E-07 3
n 485 615 0.3418581 487.5 617.5 0.3418581 3
n 472.5 615 0 485 620 0.9453503 3
n 460 615 1.192093E-07 467.5 617.5 1.192093E-07 3
n 417.5 615 0 422.5 617.5 0 2
n 410 615 0 417.5 625 1.192093E-07 2
n 545 610 0 550 630 0 2
n 540 610 0 545 617.5 0 2
n 410 610 0 422.5 615 0 2
n 540 605 0 542.5 610 0 2
n 417.5 605 0 422.5 610 1.192093E-07 2
n 550 600 -1.192093E-07 600 640 1.192093E-07 2
n 540 600 0 550 605 0 2
n 537.5 600 0 540 620 1.192093E-07 2
n 460 600 0 537.5 615 0.7356468 3
n 422.5 600 0 460 617.5 2.384186E-07 3
n 410 600 1.192093E-07 422.5 605 1.192093E-07 2
n 400 600 -1.192093E-07 410 640 1.192093E-07 2
g 400 1400 0 600 1600 0 31124
n 400 1520 -12.5825 520 1600 -12.5825 2
n 505 1515 -12.5825 515 1520 -12.5825 2
n 470 1515 -12.5825 490 1520 -12.5825 2
n 445 1515 -12.5825 460 1520 -12.5825 2
n 507.5 1512.5 -12.5825 512.5 1515 -12.5825 2
n 472.5 1512.5 -12.5825 487.5 1515 -12.5825 2
n 447.5 1512.5 -12.5825 452.5 1515 -12.5825 2
n 505 1510 -12.5825 507.5 1515 -12.39497 2
n 490 1510 -12.5825 505 1520 -12.39497 2
n 512.5 1507.5 -12.5825 515 1515 -12.5825 2
n 490 1507.5 -12.39498 507.5 1510 -12.39497 2
n 460 1507.5 -12.5825 470 1520 -12.39497 2
n 452.5 1507.5 -12.5825 460 1515 -12.39497 2
n 445 1507.5 -12.5825 447.5 1515 -12.58043 2
n 487.5 1505 -12.5825 490 1515 -12.36518 2
n 470 1505 -12.5825 472.5 1515 -12.39497 2
n 487.5 1502.5 -12.41786 490 1505 -12.41786 3
n 485 1502.5 -12.5825 487.5 1507.5 -12.38917 2
n 472.5 1502.5 -12.41786 475 1507.5 -12.393 2
n 470 1502.5 -12.5825 472.5 1505 -12.5825 3
n 490 1500 -12.5825 495 1507.5 -12.42332 3
n 485 1500 -12.5825 490 1502.5 -12.44839 3
n 475 1500 -12.5825 485 1505 -12.38917 2
n 470 1500 -12.5825 475 1502.5 -12.5825 3
n 510 1495 -12.57704 515 1507.5 -12.39497 2
n 495 1495 -12.5825 507.5 1507.5 -12.5825 3
n 460 1495 -12.5825 465 1507.5 -12.5825 3
n 445 1495 -12.57859 450 1507.5 -12.43724 2
n 510 1492.5 -12.39498 512.5 1495 -12.39498 2
n 497.5 1492.5 -12.39498 507.5 1495 -12.39497 3
n 460 1492.5 -12.39497 462.5 1495 -12.39497 3
n 452.5 1492.5 -12.5825 460 1507.5 -12.39497 3
n 447.5 1492.5 -12.5825 450 1495 -12.5825 2
n 507.5 1490 -12.39498 510 1510 -12.39497 2
n 450 1490 -12.39498 452.5 1510 -12.39497 2
n 512.5 1487.5 -12.5825 515 1495 -12.5825 2
n 452.5 1487.5 -12.5825 455 1492.5 -12.39497 2
n 445 1487.5 -12.37398 447.5 1495 -12.02287 2
n 515 1485 -12.5825 520 1520 -11.499 2
n 507.5 1485 -11.98191 515 1487.5 -11.83047 2
n 500 1485 -12.45862 507.5 1492.5 -12.052 2
n 520 1480 -12.5825 560 1600 -10.5059 2
n 455 1480 -12.5825 462.5 1492.5 -10.80053 2
n 445 1480 -11.93762 455 1487.5 -10.25926 2
n 400 1480 -12.5825 445 1520 -10.22257 2
n 520 1460 -11.35396 540 1480 -4.279499 2
n 500 1460 -12.5825 520 1485 -0.6442953 2
n 420 1460 -11.25691 462.5 1480 -1.031404 2
n 515 1455 -3.537335 525 1460 -1.531747 2
n 435 1455 -3.904103 450 1460 -1.415725 2
n 517.5 1452.5 5.960464E-08 522.5 1455 4.172325E-07 2
n 437.5 1452.5 0 442.5 1455 0 2
n 515 1450 -0.5886384 517.5 1455 8.940697E-07 2
n 500 1450 -2.558477 515 1460 2.920628E-06 2
n 450 1450 -2.215995 462.5 1460 1.013279E-06 2
n 442.5 1450 -0.6748415 450 1455 3.33786E-06 2
n 522.5 1447.5 3.993511E-06 525 1455 6.318092E-06 2
n 500 1447.5 0 517.5 1450 5.960464E-08 2
n 497.5 1447.5 -12.39497 500 1492.5 0.5633644 2
n 495 1447.5 -12.5825 497.5 1495 0.563342 3
n 462.5 1447.5 -12.39498 465 1495 0.5633413 3
n 442.5 1447.5 0 462.5 1450 0 2
n 435 1447.5 -1.81392 437.5 1455 -1.190878 2
n 495 1440 0 510 1447.5 5.960464E-08 3
n 470 1440 -12.5825 495 1500 0.5634955 3
n 465 1440 -12.5825 470 1507.5 0.5633777 3
n 460 1440 0 465 1447.5 5.960464E-08 3
n 517.5 1437.5 0 520 1450 5.960464E-08 2
n 442.5 1437.5 0 445 1447.5 0 3
n 440 1437.5 0 442.5 1450 0 2
n 520 1435 -0.5796025 525 1447.5 1.788139E-06 2
n 517.5 1435 0 520 1437.5 0 3
n 510 1435 0 517.5 1447.5 5.960464E-08 3
n 445 1435 0 450 1447.5 5.960464E-08 3
n 440 1435 0 445 1437.5 0 3
n 435 1435 -1.183425 440 1447.5 0 2
n 520 1432.5 0 522.5 1435 0 2
n 437.5 1432.5 0 440 1435 0 2
n 522.5 1427.5 0 525 1435 1.251698E-06 2
n 520 1427.5 0 522.5 1432.5 0 3
n 437.5 1427.5 0 440 1432.5 0 3
n 435 1427.5 -0.348377 437.5 1435 0 2
n 525 1425 -7.831635 540 1460 3.218651E-06 2
n 520 1425 0 525 1427.5 0 3
n 420 1425 -7.745718 435 1460 0 2
n 527.5 1422.5 0 532.5 1425 0 2
n 432.5 1422.5 0 435 1425 0 3
n 427.5 1422.5 0 432.5 1425 3.576279E-07 2
n 540 1420 -12.57419 560 1480 4.23193E-06 2
n 532.5 1420 -0.4124641 540 1425 2.622604E-06 2
n 527.5 1420 0 532.5 1422.5 0 3
n 520 1420 0 527.5 1425 0 3
n 510 1420 0 520 1435 0 3
n 460 1420 0 510 1440 5.960464E-08 3
n 450 1420 0 460 1447.5 5.960464E-08 3
n 440 1420 0 450 1435 5.960464E-08 3
n 435 1420 0 440 1427.5 0 3
n 427.5 1420 0 435 1422.5 0 3
n 420 1420 -1.032409 427.5 1425 8.940697E-07 2
n 400 1420 -12.58244 420 1480 -1.043688 2
n 560 1400 -12.5825 600 1600 5.960464E-08 2
n 537.5 1400 -1.207245 560 1420 1.609325E-06 2
n 422.5 1400 0 537.5 1420 5.960464E-08 3
n 400 1400 -2.714632 422.5 1420 5.960464E-08 2
g 600 1200 0 800 1400 0 31072
n 600 1360 -12.5 720 1400 -0.000564754 2
n 620 1340 -12.45166 700 1360 2.384186E-07 2
n 690 1337.5 -12.39566 697.5 1340 -12.15346 2
n 600 1337.5 -0.04174727 620 1360 5.960464E-08 2
n 685 1335 -12.05998 690 1340 -11.64525 2
n 620 1335 -0.08313954 625 1340 2.384186E-07 2
n 685 1332.5 -11.91868 687.5 1335 -11.91868 2
n 620 1332.5 1.192093E-07 622.5 1335 1.192093E-07 2
n 640 1330 -8.921018 670 1340 -1.057736 2
n 697.5 1327.5 -12.50936 700 1340 -12.43033 2
n 622.5 1327.5 5.960464E-08 625 1335 4.172325E-07 2
n 620 1327.5 5.960464E-08 622.5 1332.5 5.960464E-08 3
n 655 1325 -10.08327 670 1330 -2.629402 2
n 625 1325 -1.257523 640 1340 7.152557E-07 2
n 620 1325 5.960464E-08 625 1327.5 5.960464E-08 3
n 657.5 1322.5 -4.062178 662.5 1325 -2.299781 2
n 627.5 1322.5 5.960464E-08 632.5 1325 5.960464E-08 2
n 700 1320 -12.56031 720 1360 -12.43275 2
n 695 1320 -12.56383 700 1327.5 -12.5155 2
n 685 1320 -12.55206 695 1322.5 -12.42071 2
n 680 1320 -12.33878 685 1340 -10.95313 2
n 655 1320 -1.499338 657.5 1325 6.139278E-06 2
n 640 1320 -2.676071 655 1330 8.940697E-07 2
n 632.5 1320 -0.1574099 640 1325 7.152557E-07 2
n 627.5 1320 5.960464E-08 632.5 1322.5 5.960464E-08 3
n 620 1320 0 627.5 1325 5.960464E-08 3
n 600 1320 0 620 1337.5 5.960464E-08 3
n 662.5 1317.5 -12.77758 670 1325 -8.713927 2
n 637.5 1317.5 0 657.5 1320 5.960464E-08 2
n 670 1315 -12.77758 680 1340 -8.996992 2
n 637.5 1315 5.960464E-08 640 1317.5 5.960464E-08 3
n 630 1315 0 637.5 1320 5.960464E-08 3
n 677.5 1312.5 -12.77757 680 1315 -12.77757 2
n 680 1310 -12.77758 720 1320 -12.47306 2
n 677.5 1310 -12.77757 680 1312.5 -12.77757 3
n 670 1310 -12.77758 677.5 1315 -12.77758 3
n 692.5 1307.5 -12.77758 697.5 1310 -12.77757 2
n 690 1307.5 -12.77758 692.5 1310 -12.77758 3
n 660 1307.5 3.653765E-05 662.5 1317.5 4.202127E-05 2
n 645 1307.5 0 657.5 1317.5 5.960464E-08 3
n 697.5 1305 -12.77758 705 1310 -12.70214 2
n 695 1305 -12.77758 697.5 1307.5 -12.77758 3
n 657.5 1305 5.960464E-08 660 1320 1.132488E-06 2
n 640 1305 0 645 1317.5 5.960464E-08 3
n 700 1302.5 -12.77758 702.5 1305 -12.77758 2
n 662.5 1302.5 -12.77752 665 1317.5 -11.98178 3
n 642.5 1302.5 5.960464E-08 645 1305 5.960464E-08 2
n 640 1302.5 5.960464E-08 642.5 1305 5.960464E-08 3
n 695 1300 -12.77758 700 1305 -12.77758 3
n 690 1300 -13.08605 695 1307.5 -12.77757 3
n 670 1300 -12.77758 690 1310 -12.28778 3
n 665 1300 -12.77758 670 1317.5 -12.28777 3
n 660 1300 -11.98182 665 1302.5 -11.98182 3
n 657.5 1300 -11.98182 660 1302.5 -11.98182 2
n 630 1300 0 640 1315 5.960464E-08 3
n 600 1300 0 630 1320 5.960464E-08 3
n 657.5 1297.5 -11.98181 660 1300 -11.98181 3
n 655 1297.5 -11.98182 657.5 1307.5 1.192093E-07 2
n 615 1297.5 0 640 1300 4.172325E-07 3
n 702.5 1295 -13.08605 705 1305 -12.77757 2
n 700 1295 -12.77758 702.5 1302.5 -12.77757 3
n 655 1295 -12.28778 660 1297.5 -11.98182 3
n 645 1295 -11.98182 655 1307.5 5.489588E-05 2
n 640 1295 -11.98178 645 1302.5 5.483627E-05 2
n 642.5 1292.5 -11.98181 645 1295 -11.98181 2
n 705 1290 -13.08605 720 1310 -12.52425 2
n 700 1290 -13.08605 705 1295 -13.08605 3
n 645 1290 -11.98182 650 1295 -11.98181 3
n 642.5 1290 -11.98181 645 1292.5 -11.98181 3
n 640 1290 -11.24165 642.5 1295 -11.24156 2
n 615 1290 -10.25021 640 1297.5 0.8079274 2
n 600 1290 0 615 1300 5.960464E-08 3
n 705 1287.5 -13.09145 712.5 1290 -12.76744 2
n 702.5 1287.5 -13.0915 705 1290 -13.0915 3
n 702.5 1285 -13.09685 707.5 1287.5 -13.09152 2
n 700 1285 -13.08605 702.5 1290 -13.08605 3
n 700 1275 -13.09153 705 1285 -13.08605 2
n 712.5 1272.5 -12.63828 715 1290 -12.5 2
n 702.5 1272.5 -13.0915 707.5 1275 -13.09145 2
n 700 1272.5 -13.08605 702.5 1275 -13.08605 3
n 715 1270 -12.56994 720 1290 -12.5 2
n 710 1270 -12.5 715 1272.5 -12.5 2
n 600 1270 -11.98182 650 1290 0.8079274 3
n 642.5 1267.5 -11.98181 645 1270 -11.98181 3
n 640 1267.5 -11.24165 642.5 1270 -11.24165 2
n 700 1265 -13.08605 705 1272.5 -12.77757 3
n 645 1265 -11.98182 650 1270 -11.98181 3
n 645 1262.5 -11.98182 647.5 1265 -11.98182 3
n 615 1262.5 -10.25021 640 1270 0.8079274 2
n 660 1260 -13.08605 700 1300 -11.98182 3
n 650 1260 -12.28778 660 1295 -11.98181 3
n 647.5 1260 -11.98182 650 1265 -11.98182 3
n 645 1260 -11.98172 647.5 1262.5 -11.98172 2
n 640 1260 -11.98178 645 1267.5 8.898973E-05 2
n 615 1260 5.960464E-08 620 1262.5 5.960464E-08 3
n 600 1260 0 615 1270 5.960464E-08 3
n 702.5 1257.5 -12.77758 705 1265 -12.77757 2
n 700 1257.5 -12.77758 702.5 1265 -12.77758 3
n 652.5 1257.5 -11.98182 662.5 1260 -11.98172 3
n 640 1257.5 5.960464E-08 642.5 1260 5.960464E-08 2
n 690 1255 -12.77758 700 1260 -12.77757 3
n 652.5 1255 0 657.5 1257.5 5.960464E-08 2
n 642.5 1255 -11.98181 652.5 1260 0.0001097918 2
n 640 1255 5.960464E-08 642.5 1257.5 5.960464E-08 3
n 697.5 1252.5 -12.77757 700 1255 -12.77757 2
n 692.5 1252.5 -12.77758 697.5 1255 -12.77758 3
n 645 1252.5 5.960464E-08 657.5 1255 5.960464E-08 2
n 710 1250 -12.50175 720 1270 -12.5 2
n 705 1250 -13.08605 710 1272.5 -12.5 2
n 700 1250 -12.77758 705 1257.5 -12.57338 2
n 692.5 1250 -12.77757 700 1252.5 -12.68212 2
n 690 1250 -12.77758 692.5 1255 -12.77757 3
n 670 1250 -12.77758 690 1260 -12.77757 3
n 645 1250 0 657.5 1252.5 5.960464E-08 3
n 640 1250 0 645 1255 5.960464E-08 3
n 620 1250 0 640 1262.5 1.192093E-07 3
n 677.5 1247.5 -12.77757 680 1250 -12.77757 3
n 677.5 1245 -12.77757 680 1247.5 -12.77757 2
n 670 1245 -12.77758 677.5 1250 -12.77757 3
n 662.5 1242.5 -12.77758 670 1260 -11.98178 3
n 660 1242.5 3.653765E-05 662.5 1252.5 5.847216E-05 2
n 635 1242.5 -5.960464E-08 657.5 1250 5.960464E-08 3
n 680 1240 -12.77757 700 1250 -12.21426 2
n 670 1240 -12.77757 680 1245 -12.07376 2
n 657.5 1240 5.960464E-08 660 1255 3.576279E-06 2
n 635 1240 5.960464E-08 650 1242.5 5.960464E-07 2
n 620 1240 0 635 1250 5.960464E-08 3
n 685 1237.5 -12.49311 692.5 1240 -12.30423 2
n 662.5 1237.5 -12.77756 665 1242.5 -8.631326 2
n 627.5 1237.5 0 630 1240 0 3
n 692.5 1235 -12.52541 700 1240 -12.50676 2
n 665 1235 -12.77758 670 1242.5 -8.972507 2
n 657.5 1235 -7.403494 665 1237.5 -3.484393 2
n 650 1235 -2.485816 657.5 1242.5 1.311302E-06 2
n 627.5 1235 0 630 1237.5 0 2
n 620 1235 0 627.5 1240 0 3
n 695 1232.5 -12.50464 697.5 1235 -12.50464 2
n 622.5 1232.5 0 625 1235 0 3
n 622.5 1227.5 -5.960464E-08 625 1232.5 4.768372E-07 2
n 620 1227.5 -5.960464E-08 622.5 1235 0 3
n 685 1225 -11.63169 687.5 1227.5 -11.63169 2
n 600 1222.5 -5.960464E-08 620 1260 5.960464E-08 3
n 700 1220 -12.59318 720 1250 -12.40223 2
n 697.5 1220 -12.5063 700 1235 -12.34141 2
n 690 1220 -12.09196 695 1222.5 -11.8771 2
n 685 1220 -11.77042 690 1225 -11.27329 2
n 670 1220 -12.14202 685 1240 -8.419473 2
n 650 1220 -9.147209 670 1235 -1.955485 2
n 630 1220 -2.882834 650 1240 2.980232E-07 2
n 625 1220 -0.5401984 630 1235 5.960464E-07 2
n 620 1220 -0.239359 625 1227.5 1.788139E-07 2
n 720 1200 -12.52558 800 1400 -12.49991 2
n 620 1200 -12.5 720 1220 -0.2026938 2
n 600 1200 -0.3282877 620 1222.5 1.192093E-07 2
g 200 600 0 400 800 0 31037
n 200 600 -2.164935E-14 400 800 2.220224E-14 2
g 400 400 0 600 600 0 31112
n 455 595 0 475 600 2.980232E-08 3
n 537.5 592.5 0.0993529 540 600 0.0993529 2
n 525 592.5 0 537.5 600 0.09935291 3
n 457.5 592.5 0.0993529 475 595 0.09935291 3
n 490 590 0 525 600 0.0993529 3
n 475 590 0 480 600 0.09935308 3
n 522.5 587.5 0.0993529 525 590 0.0993529 2
n 520 587.5 0.09935309 522.5 590 0.09935309 3
n 477.5 587.5 0.0993529 480 590 0.0993529 3
n 475 587.5 -0.03679386 477.5 590 -0.03679386 2
n 515 585 0 520 590 0.09935288 3
n 480 585 0 490 600 0.09935321 3
n 457.5 585 0.09935291 460 592.5 0.09935291 2
n 455 585 0 457.5 595 0 3
n 422.5 585 -0.07599837 455 600 0.2750052 3
n 420 585 -0.08426067 422.5 600 0.09935303 2
n 447.5 582.5 0.2079701 450 585 0.2079701 3
n 430 582.5 -0.0008912086 432.5 585 -0.0008912086 3
n 420 582.5 -0.1671637 425 585 -0.1472588 2
n 515 580 0 517.5 585 0 3
n 490 580 0 515 590 2.980232E-08 3
n 482.5 580 0 490 585 0.09935318 3
n 520 575 -1.599861 525 587.5 0.09935807 2
n 475 575 -1.498274 480 587.5 -0.05748174 2
n 520 572.5 0.09936011 522.5 575 0.09936011 2
n 482.5 572.5 0 517.5 580 0.09935321 3
n 477.5 572.5 -1.297768 480 575 -1.297768 2
n 432.5 572.5 0.001102149 435 585 0.2079383 3
n 517.5 570 0.09935288 520 585 0.09935506 2
n 480 570 0.09935288 482.5 585 0.09935437 2
n 447.5 570 0.2079384 450 572.5 0.2079384 3
n 435 570 0.01751024 447.5 585 0.2080689 3
n 430 570 0.2079386 435 572.5 0.2079397 3
n 522.5 567.5 -6.1318 525 575 -2.263603 2
n 515 567.5 -3.513262 517.5 572.5 0.09935513 2
n 482.5 567.5 -3.226225 485 572.5 0.09935437 2
n 475 567.5 -4.954507 477.5 575 -2.201663 2
n 540 560 -15.71913 600 600 0.09936473 2
n 525 560 -16.06774 540 592.5 0.09935611 2
n 515 560 -14.46787 525 567.5 -6.963847 2
n 485 560 -13.14544 515 572.5 0.09935468 2
n 475 560 -12.14008 485 567.5 -6.325956 2
n 460 560 -10.57703 475 592.5 0.0993543 2
n 420 560 -6.252705 422.5 570 -2.354973 2
n 400 560 -7.767768 420 600 0.01810515 2
n 535 555 -20.15317 545 560 -16.73479 2
n 537.5 552.5 -22.21467 542.5 555 -21.61193 2
n 457.5 552.5 -10.62332 460 572.5 0.322914 2
n 455 552.5 -10.62332 457.5 570 -1.24311 3
n 535 550 -24.90065 537.5 555 -22.45217 2
n 460 550 -25 535 560 -8.33373 2
n 542.5 547.5 -22.34761 545 555 -20.01163 2
n 460 547.5 -24.90065 525 550 -12.3117 2
n 455 547.5 -12.36153 460 552.5 -12.19748 2
n 545 540 -20.66813 600 560 0.09935208 2
n 540 540 -24.90065 545 547.5 -22.62477 2
n 455 540 -25 525 547.5 -12.3117 3
n 440 540 -12.5 455 570 -0.933567 3
n 585 537.5 0.09935208 600 540 0.09935267 2
n 580 535 -1.158011 585 540 0.09935208 2
n 525 535 -25 540 550 -24.90065 2
n 582.5 532.5 0.09935208 585 535 0.09935208 2
n 400 530 -12.49999 422.5 560 -7.61506 2
n 582.5 527.5 0.09935269 585 532.5 0.09935302 3
n 580 527.5 -0.4076989 582.5 535 0.09935208 2
n 412.5 527.5 -12.5 415 530 -12.5 2
n 570 525 -4.828939 580 540 0.09935208 2
n 537.5 525 -24.90065 540 535 -24.90065 2
n 525 525 -25 537.5 535 -25 3
n 577.5 522.5 0.09935269 580 525 0.09935269 3
n 572.5 522.5 0.09935208 577.5 525 0.09935308 2
n 585 520 0 600 537.5 0.09935208 3
n 580 520 0 585 527.5 0.09935208 3
n 572.5 520 -0.06732723 580 522.5 0.09935208 3
n 570 520 -2.980232E-08 572.5 525 0.09935412 2
n 540 520 -24.90065 570 540 0.09935236 2
n 440 520 -25 525 540 -12.3117 3
n 567.5 517.5 0.09935308 570 520 0.09935308 3
n 562.5 517.5 0.09935234 567.5 520 0.09935296 2
n 552.5 515 -6.237236 562.5 520 0.09935458 2
n 540 515 -24.90065 547.5 520 -11.86612 2
n 525 515 -25 540 525 -24.90064 2
n 455 515 -25 525 520 -12.3117 3
n 415 515 -12.5 422.5 530 -12.40065 2
n 537.5 512.5 -24.90057 542.5 515 -24.90057 2
n 400 512.5 -12.5 402.5 517.5 -12.5 2
n 455 510 -24.99996 537.5 515 -11.87269 2
n 562.5 507.5 0.09935294 565 517.5 0.09935296 3
n 542.5 507.5 -12.26539 562.5 515 0.09935461 2
n 422.5 507.5 -12.40065 425 570 -1.2431 3
n 402.5 507.5 -12.5 422.5 515 -12.40065 2
n 502.5 505 -12.5 507.5 510 -11.97001 2
n 455 505 -12.5 457.5 510 -11.96999 3
n 542.5 502.5 0.09935234 545 507.5 0.09935255 3
n 540 502.5 0.09935234 542.5 510 0.09935255 2
n 515 502.5 -11.96998 517.5 505 -11.96998 2
n 570 500 -0.08575672 600 520 0.08617494 3
n 565 500 0 570 517.5 6.854534E-07 3
n 560 500 0 565 507.5 6.258488E-07 3
n 495 500 -12.5 510 505 -12.5 3
n 465 500 -12.5 495 502.5 -12.5 3
n 455 500 -12.5 465 505 -12.5 3
n 440 500 -12.5 455 520 -12.5 3
n 425 500 -12.5 440 570 -0.9335771 3
n 420 500 -12.5 425 507.5 -12.5 3
n 405 500 -12.5 410 507.5 -12.5 3
n 515 497.5 -12.5 545 502.5 0.1648545 2
n 405 497.5 -12.5 407.5 500 -12.5 3
n 545 495 0 550 507.5 1.043081E-06 3
n 515 495 -12.34817 545 497.5 0.1648521 3
n 510 495 -12.5 515 505 -12.5 3
n 407.5 485 -12.5 410 500 -12.5 3
n 405 485 -12.5 407.5 497.5 -12.5 2
n 405 475 -12.5 410 485 -12.5 2
n 550 470 0 560 507.5 2.980232E-08 3
n 510 470 -12.5 550 495 0.2167467 3
n 400 470 -12.5 405 490 -12.5 2
n 515 462.5 -12.5 545 470 0.1648884 3
n 407.5 462.5 -12.5 410 475 -12.5 3
n 405 462.5 -12.5 407.5 475 -12.5 2
n 560 460 -1.354102 600 500 0.08622779 3
n 510 460 -12.5 515 470 -12.5 3
n 420 460 -12.5 510 500 -11.86438 3
n 410 460 -12.5 420 507.5 -12.5 3
n 542.5 457.5 0.09935236 545 462.5 0.09935236 2
n 515 457.5 -12.5 517.5 462.5 -12.5 2
n 560 455 0 570 460 6.258488E-07 3
n 545 455 0 560 470 1.013279E-06 3
n 542.5 455 0.09935236 545 457.5 0.09935236 3
n 535 455 -12.5 540 462.5 -1.685007 2
n 410 455 -12.5 430 460 -12.5 3
n 405 455 -12.5 410 462.5 -12.5 3
n 542.5 452.5 0.09935236 562.5 455 0.09935236 3
n 537.5 452.5 -12.5 540 455 -12.5 2
n 405 452.5 -12.40065 422.5 455 -12.40065 3
n 540 450 0.09935236 542.5 462.5 0.1648525 2
n 515 450 -12.5 517.5 457.5 -12.5 3
n 490 450 -12.5 515 460 -11.86438 3
n 430 450 -12.5 450 460 -11.88698 3
n 542.5 447.5 -2.109145 545 452.5 0.09935236 2
n 535 447.5 -12.5 537.5 455 -10.40301 2
n 517.5 447.5 -12.5 520 462.5 -12.40065 2
n 497.5 447.5 -12.5 517.5 450 -11.86438 3
n 430 447.5 -12.5 442.5 450 -12.5 3
n 422.5 447.5 -12.5 430 455 -12.40065 3
n 420 447.5 -12.40065 422.5 452.5 -12.40065 2
n 405 447.5 -12.5 415 452.5 -12.40065 2
n 562.5 445 0 570 455 0.09935296 3
n 545 445 -2.100106 562.5 452.5 0.09935236 2
n 402.5 445 -12.5 405 452.5 -12.40065 2
n 562.5 442.5 0.09935236 567.5 445 0.09935294 3
n 570 440 -0.0673272 600 460 0.0993531 3
n 567.5 440 0.09935208 570 445 0.09935309 3
n 562.5 440 0.09935234 567.5 442.5 0.09935236 2
n 552.5 440 -0.9087338 562.5 445 0.09935234 2
n 545 440 -3.441911 547.5 445 -2.80213 2
n 535 440 -9.208031 545 447.5 -3.357714 2
n 520 440 -12.5 535 462.5 -5.290832 2
n 490 440 -12.5 497.5 450 -11.86438 3
n 450 440 -12.5 490 460 -11.68956 3
n 572.5 437.5 0.09935206 577.5 440 0.09935337 3
n 570 437.5 -1.192093E-07 572.5 440 -1.192093E-07 2
n 497.5 437.5 -11.86438 500 447.5 -11.86438 2
n 487.5 437.5 -12.48495 497.5 440 -11.78733 3
n 475 437.5 -12.00697 477.5 440 -12.00697 2
n 462.5 437.5 -11.36899 465 440 -11.36899 2
n 450 437.5 -12.46222 452.5 440 -12.46222 3
n 442.5 437.5 -12.38052 450 450 -11.88698 3
n 440 437.5 -12.5 442.5 447.5 -12.5 2
n 577.5 435 1.788139E-07 585 440 0.09935327 3
n 575 435 0.09935208 577.5 437.5 0.09935208 2
n 465 435 -12.42413 475 440 -11.88479 2
n 580 432.5 0.09935234 582.5 435 0.09935234 3
n 400 432.5 -12.5 402.5 447.5 -12.5 2
n 575 430 -0.01750135 580 435 0.09935212 2
n 570 430 -0.2881141 575 437.5 0.0242705 2
n 560 430 -1.479157 570 440 -0.05943972 2
n 487.5 430 -12.5 500 437.5 -11.85485 2
n 440 430 -12.5 452.5 437.5 -11.88698 2
n 415 430 -12.5 420 452.5 -12.40065 2
n 400 430 -12.5 415 432.5 -12.5 2
n 582.5 427.5 0.09935267 585 435 0.09935327 3
n 580 427.5 0.06394589 582.5 432.5 0.09935212 2
n 472.5 427.5 -12.5 475 430 -12.5 2
n 475 425 -12.5 480 430 -12.5 2
n 467.5 425 -12.5 475 427.5 -12.5 2
n 460 425 -12.5 467.5 430 -12.5 2
n 585 422.5 0 600 440 0.09935266 3
n 585 420 0 600 422.5 0 2
n 580 420 -0.05880547 585 427.5 0.09935208 2
n 580 400 -0.1386989 600 420 -0.0003473163 2
n 560 400 -2.211515 580 430 0.007710427 2
n 520 400 -12.40065 560 440 -0.8558173 2
n 500 400 -12.5 520 447.5 -11.69578 2
n 480 400 -12.5 500 430 -11.86438 2
n 460 400 -12.5 480 425 -12.49948 2
n 440 400 -12.5 460 430 -12.5 2
n 420 400 -12.5 440 447.5 -12.40065 2
n 400 400 -12.5 420 430 -12.49993 2
g 400 200 0 600 400 0 31038
n 400 200 -2.164935E-14 600 400 2.220224E-14 2
g 200 400 0 400 600 0 1783
n 200 400 -2.164935E-14 400 600 2.220224E-14 2
g 200 200 0 400 400 0 31040
n 200 200 -2.164935E-14 400 400 2.220224E-14 2
g 600 400 0 1000 600 0 1784
n 600 560 -2.980232E-08 1000 600 2.980232E-08 2
n 600 550 -2.980232E-08 630 560 2.980232E-08 2
n 970 545 0 990 560 0 2
n 615 545 0 625 550 0 2
n 977.5 542.5 0 982.5 545 0 2
n 617.5 542.5 0 622.5 545 0 2
n 990 540 0 1000 560 0 2
n 982.5 540 0 990 545 0 2
n 615 540 0 617.5 545 0 2
n 600 540 -2.980232E-08 615 550 2.980232E-08 2
n 980 537.5 0 1000 540 0 2
n 622.5 537.5 0 625 545 0 2
n 600 537.5 -2.980232E-08 617.5 540 0 2
n 977.5 535 0 982.5 537.5 0 2
n 970 535 0 977.5 545 0 2
n 625 535 0 630 550 0 2
n 620 535 0 625 537.5 0 2
n 780 530 0 820 560 2.980232E-08 2
n 805 525 0 815 530 2.980232E-08 2
n 780 525 0 795 530 2.980232E-08 2
n 807.5 522.5 0 812.5 525 0 2
n 787.5 522.5 0 792.5 525 0 2
n 970 520 0 982.5 535 0 2
n 820 520 0 970 560 2.980232E-08 2
n 805 520 0 807.5 525 0 2
n 792.5 520 0 795 525 0 2
n 630 520 0 780 560 2.980232E-08 2
n 620 520 0 630 535 2.980232E-08 2
n 812.5 517.5 0 815 525 0 2
n 815 515 0 820 530 2.980232E-08 2
n 810 515 0 815 517.5 0 2
n 795 515 -1.796227 805 530 1.105666E-05 2
n 787.5 515 0 790 517.5 0 2
n 780 515 0 787.5 525 0 2
n 950 510 0 982.5 520 0 2
n 870 510 0 900 520 0 2
n 710 510 0 740 520 2.980232E-08 2
n 620 510 0 660 520 2.980232E-08 2
n 982.5 505 0 990 537.5 0 3
n 955 505 0 982.5 510 0 2
n 875 505 0 885 510 0 2
n 805 505 -1.796227 810 520 1.788139E-07 2
n 795 505 -2.408215 805 515 -1.395084 3
n 790 505 0 795 520 2.259016E-05 2
n 715 505 0 725 510 0 2
n 620 505 0 645 510 2.980232E-08 2
n 617.5 505 0 620 540 0 2
n 615 505 0 617.5 537.5 0 3
n 977.5 502.5 0 980 505 0 2
n 807.5 502.5 0 810 505 0 2
n 792.5 502.5 0 795 505 0 3
n 790 502.5 2.980232E-08 792.5 505 2.980232E-08 2
n 620 502.5 0 622.5 505 0 2
n 990 500 -0.05263484 1000 537.5 0.0004293919 3
n 980 500 -0.1671629 990 505 2.980232E-08 3
n 977.5 500 0 980 502.5 0 3
n 965 500 0 977.5 505 0 2
n 950 500 0 955 510 0 2
n 900 500 0 950 520 0 2
n 885 500 0 900 510 0 2
n 870 500 0 875 510 0 2
n 820 500 0 870 520 2.980232E-08 2
n 810 500 0 820 515 2.980232E-08 2
n 807.5 500 0 810 502.5 0 3
n 795 500 0 807.5 505 1.272559E-05 3
n 790 500 0 795 502.5 0 3
n 780 500 0 790 515 0 2
n 740 500 0 780 520 2.980232E-08 2
n 725 500 0 740 510 2.980232E-08 2
n 710 500 0 715 510 0 2
n 660 500 0 710 520 0 2
n 645 500 0 660 510 0 2
n 622.5 500 0 635 505 2.980232E-08 2
n 620 500 0 622.5 502.5 0 3
n 615 500 0 620 505 0 3
n 600 500 -2.980232E-08 615 537.5 2.980232E-08 3
n 967.5 497.5 0 975 500 0 2
n 887.5 497.5 0 952.5 500 0 2
n 812.5 497.5 0 872.5 500 0 2
n 810 497.5 0 812.5 500 0 3
n 787.5 497.5 0 790 500 0 3
n 727.5 497.5 0 787.5 500 0 2
n 647.5 497.5 0 712.5 500 0 2
n 625 497.5 0 632.5 500 0 2
n 625 495 0 630 497.5 0 3
n 620 495 0 625 500 0 3
n 967.5 492.5 0 970 497.5 0 3
n 887.5 492.5 0 890 497.5 0 3
n 870 492.5 0 872.5 497.5 0 3
n 727.5 492.5 0 730 497.5 0 3
n 647.5 492.5 0 650 497.5 0 3
n 630 492.5 0 632.5 497.5 0 3
n 975 490 0 980 500 2.563E-06 3
n 970 490 0 975 497.5 0 3
n 965 490 0 970 492.5 0 3
n 952.5 490 0 955 492.5 0 3
n 890 490 0 952.5 497.5 0 3
n 885 490 0 890 492.5 0 3
n 870 490 0 875 492.5 0 3
n 730 490 0 790 497.5 2.980232E-08 3
n 725 490 0 730 492.5 0 3
n 712.5 490 0 715 492.5 0 3
n 650 490 0 712.5 497.5 0 3
n 645 490 0 650 492.5 0 3
n 630 490 0 635 492.5 0 3
n 870 470 0 980 490 8.34465E-07 3
n 810 470 0 870 497.5 2.980232E-08 3
n 630 470 0 790 490 2.980232E-08 3
n 620 470 0 630 495 1.698732E-06 3
n 965 467.5 0 967.5 470 0 3
n 952.5 467.5 0 955 470 0 3
n 885 467.5 0 887.5 470 0 3
n 872.5 467.5 0 875 470 0 3
n 725 467.5 0 727.5 470 0 3
n 712.5 467.5 0 715 470 0 3
n 645 467.5 0 647.5 470 0 3
n 632.5 467.5 0 635 470 0 3
n 810 465 0 872.5 470 0 3
n 727.5 465 0 790 470 0 3
n 967.5 462.5 0 975 470 0 3
n 887.5 462.5 0 952.5 470 0 3
n 812.5 462.5 0 872.5 465 0 3
n 727.5 462.5 0 787.5 465 0 3
n 647.5 462.5 0 712.5 470 0 3
n 625 462.5 0 632.5 470 0 3
n 980 460 -0.2073901 1000 500 0.2750088 3
n 975 460 0 980 470 0 3
n 967.5 460 0 975 462.5 0 2
n 950 460 0 952.5 462.5 0 2
n 887.5 460 0 890 462.5 0 2
n 870 460 0 872.5 462.5 0 2
n 812.5 460 0 820 462.5 2.980232E-08 2
n 810 460 0 812.5 465 0 3
n 790 460 0 810 500 2.980232E-08 3
n 787.5 460 0 790 465 0 3
n 780 460 0 787.5 462.5 0 2
n 727.5 460 0 730 462.5 0 2
n 710 460 0 712.5 462.5 0 2
n 647.5 460 0 650 462.5 0 2
n 630 460 0 632.5 462.5 0 2
n 620 460 0 625 470 2.980232E-08 3
n 600 460 -0.2071527 620 500 0.2750071 3
n 977.5 457.5 0 980 460 0 3
n 807.5 457.5 2.980232E-08 810 460 2.980232E-08 3
n 790 457.5 2.980232E-08 792.5 460 2.980232E-08 3
n 622.5 457.5 2.980232E-08 625 460 2.980232E-08 2
n 620 457.5 0 622.5 460 0 3
n 980 455 0 990 460 0 3
n 977.5 455 0 980 457.5 0 2
n 965 455 0 977.5 460 0 2
n 950 455 0 955 460 0 2
n 885 455 0 890 460 0 2
n 870 455 0 875 460 0 2
n 807.5 455 0 810 457.5 0 2
n 805 455 -1.435703 807.5 460 2.980232E-08 3
n 792.5 455 2.980232E-08 795 460 1.767278E-05 3
n 790 455 0 792.5 457.5 0 2
n 725 455 0 730 460 2.980232E-08 2
n 710 455 0 715 460 0 2
n 645 455 0 650 460 0 2
n 630 455 0 635 460 2.980232E-08 2
n 625 455 0 630 462.5 2.980232E-08 2
n 620 455 0 625 457.5 0 2
n 615 455 0 620 460 0 3
n 990 450 0 1000 460 0 3
n 982.5 450 0 990 455 0 3
n 810 450 0 820 460 2.980232E-08 2
n 615 450 0 617.5 455 0 3
n 600 450 0 615 460 2.980232E-08 3
n 810 445 0 815 450 0 2
n 795 445 -2.389387 805 460 6.616116E-06 3
n 780 445 0 790 460 0 2
n 810 442.5 0 812.5 445 0 2
n 787.5 442.5 0 790 445 0 2
n 950 440 0 970 455 0 2
n 890 440 0 950 462.5 0 2
n 870 440 0 890 455 0 2
n 840 440 0 870 462.5 2.980232E-08 2
n 805 440 -1.785979 810 455 8.940697E-07 2
n 790 440 0 795 455 2.235174E-05 2
n 730 440 0 780 462.5 2.980232E-08 2
n 710 440 0 730 455 2.980232E-08 2
n 650 440 0 710 462.5 2.980232E-08 2
n 640 440 0 650 455 0 2
n 812.5 437.5 0 815 445 0 2
n 805 437.5 2.980232E-08 807.5 440 2.980232E-08 2
n 792.5 437.5 2.980232E-08 795 440 2.980232E-08 2
n 815 435 0 820 450 2.980232E-08 2
n 805 435 0 815 437.5 0 2
n 795 435 0 805 445 1.129508E-05 2
n 787.5 435 0 795 437.5 0 2
n 780 435 0 787.5 445 0 2
n 620 430 0 640 455 2.980232E-08 2
n 970 425 0 980 455 0 2
n 620 425 0 625 430 2.980232E-08 2
n 982.5 422.5 0 1000 450 0 3
n 977.5 422.5 0 980 425 0 2
n 620 422.5 0 622.5 425 0 2
n 600 422.5 -2.980232E-08 617.5 450 2.980232E-08 3
n 980 420 0 982.5 455 0 2
n 617.5 420 0 620 455 0 2
n 982.5 417.5 0 985 422.5 2.980232E-08 2
n 622.5 417.5 2.980232E-08 625 425 2.980232E-08 2
n 615 417.5 0 617.5 422.5 2.980232E-08 2
n 985 415 0 990 422.5 2.980232E-08 2
n 977.5 415 2.980232E-08 985 417.5 2.980232E-08 2
n 970 415 0 977.5 425 2.980232E-08 2
n 625 410 0 640 430 2.980232E-08 2
n 615 410 0 625 417.5 2.980232E-08 2
n 600 410 -2.980232E-08 615 422.5 2.980232E-08 2
n 990 400 0 1000 422.5 2.980232E-08 2
n 970 400 0 990 415 2.980232E-08 2
n 840 400 0 970 440 2.980232E-08 2
n 820 400 0 840 462.5 2.980232E-08 2
n 780 400 0 820 435 2.980232E-08 2
n 640 400 0 780 440 2.980232E-08 2
n 600 400 0 640 410 2.980232E-08 2
g 600 200 0 800 400 0 213783
n 600 200 -2.164935E-14 800 400 2.220224E-14 2
g 800 200 0 1000 400 0 31037
n 800 200 -2.164935E-14 1000 400 2.220224E-14 2
g 800 600 0 1000 800 0 1783
n 800 600 -2.164935E-14 1000 800 2.220224E-14 2
g 800 0 0 1000 200 0 31039
n 800 0 -2.164935E-14 1000 200 2.220224E-14 2
g 1000 400 0 1200 600 0 150675
n 1132.5 597.5 0.09935272 1135 600 0.09935272 2
n 1127.5 597.5 0.09935206 1132.5 600 0.09935206 3
n 1027.5 597.5 0.0993523 1032.5 600 0.09935236 3
n 1135 595 5.960464E-08 1140 600 0.09935212 2
n 1127.5 595 6.556511E-07 1135 597.5 0.09935272 2
n 1120 595 5.960464E-08 1127.5 600 0.09935206 3
n 1032.5 595 3.576279E-07 1040 600 0.09935236 3
n 1027.5 595 0.05260843 1032.5 597.5 0.09935224 2
n 1020 595 0.005479217 1027.5 600 0.09935212 2
n 1122.5 592.5 0.09935212 1125 595 0.09935212 3
n 1035 592.5 0.09935236 1037.5 595 0.09935236 3
n 1125 590 0 1140 595 0.09935331 2
n 1122.5 590 0.09935212 1125 592.5 0.09935212 2
n 1120 590 -0.06732464 1122.5 595 5.960464E-07 3
n 1037.5 590 0.09935254 1040 595 0.09935313 3
n 1035 590 0.0993523 1037.5 592.5 0.0993523 2
n 1030 590 0.05850685 1035 595 0.09935212 2
n 1110 585 -0.06706357 1120 600 7.152557E-07 3
n 1040 585 -0.06732595 1050 600 0.09935361 3
n 1140 580 -0.03100348 1160 600 5.960464E-08 2
n 1120 580 -0.03207004 1140 590 0.09935278 2
n 1110 580 5.960464E-08 1117.5 585 4.172325E-07 3
n 1050 580 0 1110 600 5.960464E-08 3
n 1030 580 0.03277457 1040 590 0.6110524 2
n 1020 580 -0.02242857 1030 595 0.03614402 2
n 1120 575 0.03059977 1125 580 0.09935236 2
n 1095 575 0 1117.5 580 6.556511E-07 3
n 1050 575 0 1065 580 6.556511E-07 3
n 1035 575 0.02038383 1040 580 0.09028262 2
n 1120 572.5 0.09935242 1122.5 575 0.09935242 2
n 1097.5 572.5 0.09935206 1117.5 575 0.09935212 3
n 1050 572.5 0.09935206 1062.5 575 0.09935212 3
n 1042.5 572.5 0 1050 585 0.09935254 3
n 1037.5 572.5 0.02101851 1040 575 0.02101851 2
n 1117.5 570 0.09935206 1120 585 0.09935272 2
n 1040 570 0.09935206 1042.5 585 0.0993526 2
n 1122.5 567.5 -0.318307 1125 575 -0.01166135 2
n 1115 567.5 -0.1572664 1117.5 572.5 0.09935212 2
n 1042.5 567.5 -0.1416691 1045 572.5 0.09935206 2
n 1035 567.5 -0.27496 1037.5 575 -0.03489912 2
n 1160 560 -0.1204573 1200 600 0.0002223849 2
n 1125 560 -1.173082 1160 580 0.01051795 2
n 1115 560 -1.184328 1125 567.5 -0.4335712 2
n 1100 560 -0.9505572 1115 572.5 0.09935296 2
n 1045 560 -0.9483551 1060 572.5 0.09935212 2
n 1035 560 -1.037892 1045 567.5 -0.3897703 2
n 1020 560 -0.9918296 1035 580 0.03060168 2
n 1097.5 552.5 0.09935206 1100 572.5 0.09935206 2
n 1095 552.5 0 1097.5 575 0.09935206 3
n 1062.5 552.5 0.09935236 1065 575 0.09935254 3
n 1060 552.5 0.09935206 1062.5 572.5 0.09935212 2
n 1090 550 -0.08930469 1095 580 0.09526414 3
n 1065 550 -0.08930612 1070 580 0.1108987 3
n 1060 550 0.09935206 1065 552.5 0.09935206 2
n 1000 550 -1.125083 1020 600 5.960464E-08 2
n 1092.5 547.5 0.1174462 1095 550 0.1174462 2
n 1090 547.5 0.09659398 1092.5 550 0.09659398 3
n 1067.5 547.5 0.1174459 1070 550 0.1174459 3
n 1095 545 -1.57541 1100 552.5 0.1108986 2
n 1090 545 2.861023E-06 1095 547.5 0.1190867 2
n 1070 545 -0.01323807 1090 580 0.1921046 3
n 1067.5 545 1.192093E-07 1070 547.5 1.192093E-07 2
n 1060 545 -2.466877 1067.5 550 5.960464E-08 2
n 1000 545 -0.7270088 1015 550 -0.01263398 2
n 1007.5 542.5 -0.2838 1012.5 545 -0.1103271 2
n 1180 540 -0.01166362 1200 560 0.03723186 2
n 1060 540 -4.937027 1072.5 545 0.4058647 2
n 1020 540 -6.052976 1060 560 -0.2731946 2
n 1012.5 537.5 -0.6959758 1015 545 -0.6120478 2
n 1000 537.5 -0.02827436 1007.5 545 0.09935218 2
n 1195 535 0.04973847 1200 540 0.0993523 2
n 1015 535 -2.112623 1020 550 -0.9884148 2
n 1010 535 -0.6639235 1015 537.5 0.09935528 2
n 1197.5 532.5 0.09935218 1200 535 0.09935218 2
n 1100 530 -10.95169 1120 560 0.09935659 2
n 1090 530 -12.49998 1100 545 0.4058707 2
n 1050 530 -12.5 1072.5 540 -1.158139 2
n 1197.5 527.5 0.09935206 1200 532.5 0.09935206 3
n 1195 527.5 0.08373088 1197.5 535 0.09935212 2
n 1190 525 0.02953184 1195 540 0.09935212 2
n 1160 525 -0.8565687 1180 560 0.04072148 2
n 1095 525 -12.5 1105 530 -11.40211 2
n 1050 525 -12.1751 1065 530 -10.78349 2
n 1192.5 522.5 0.09935206 1195 525 0.09935206 3
n 1190 522.5 0.09935308 1192.5 525 0.09935308 2
n 1167.5 522.5 -0.1536367 1172.5 525 -0.02527332 2
n 1102.5 522.5 -12.1751 1105 525 -12.1751 2
n 1100 522.5 -12.1751 1102.5 525 -12.1751 3
n 1057.5 522.5 -12.1751 1060 525 -12.1751 2
n 1195 520 0 1200 527.5 0.09935206 3
n 1190 520 -0.06732798 1195 522.5 5.960464E-08 3
n 1180 520 -0.00176847 1190 540 0.09935308 2
n 1172.5 520 0.03040987 1180 525 0.09935218 2
n 1120 520 -12.5 1160 560 -0.2118636 2
n 1090 520 -12.5 1095 530 -7.479316 2
n 1087.5 520 -12.16807 1090 545 0.4058653 2
n 1065 520 -12.5 1072.5 530 -7.47934 2
n 1057.5 520 -12.1751 1060 522.5 -12.1751 3
n 1050 520 -12.5 1057.5 525 -12.17509 2
n 1020 520 -12.5 1050 540 -2.558508 2
n 1170 517.5 0.09935206 1185 520 0.09935313 2
n 1092.5 517.5 -12.5 1095 520 -12.5 2
n 1065 517.5 -12.5 1067.5 520 -12.5 2
n 1167.5 515 -0.0205881 1172.5 517.5 0.09935206 2
n 1160 515 -0.8247726 1167.5 525 -0.1720509 2
n 1095 515 -12.5 1100 525 -12.5 3
n 1092.5 515 -12.5 1095 517.5 -12.5 3
n 1087.5 515 -12.5 1092.5 520 -12.33479 2
n 1072.5 515 -12.5 1087.5 545 0.6460396 3
n 1067.5 515 -12.5 1072.5 520 -12.33479 2
n 1065 515 -12.5 1067.5 517.5 -12.5 3
n 1060 515 -12.5 1065 525 -12.17509 3
n 1185 510 -0.06706429 1200 520 1.072884E-06 3
n 1180 510 0 1185 517.5 7.152557E-07 3
n 1120 510 -12.5 1130 520 -10.18347 2
n 1105 510 -12.5 1120 530 -10.19004 2
n 1020 510 -12.5 1055 520 -4.12211 2
n 1105 507.5 -12.5 1107.5 510 -12.5 2
n 1052.5 507.5 -12.1751 1055 510 -12.1751 2
n 1107.5 505 -12.5 1125 510 -12.17509 2
n 1105 505 -12.5 1107.5 507.5 -12.5 3
n 1100 505 -12.5 1105 522.5 -12.1751 3
n 1055 505 -12.5 1060 520 -12.17509 3
n 1052.5 505 -12.5 1055 507.5 -12.5 3
n 1035 505 -12.5 1052.5 510 -11.40718 2
n 1120 502.5 -12.5 1122.5 505 -12.5 2
n 1037.5 502.5 -12.17509 1040 505 -12.17509 2
n 1160 500 -0.5487295 1172.5 515 0.09935254 2
n 1130 500 -11.00112 1160 520 0.09935409 2
n 1122.5 500 -12.5 1125 505 -12.1751 2
n 1120 500 -12.5 1122.5 502.5 -12.5 3
n 1115 500 -12.5 1120 505 -12.5 3
n 1040 500 -12.5 1045 505 -12.5 3
n 1037.5 500 -12.1751 1040 502.5 -12.1751 3
n 1035 500 -12.1751 1037.5 505 -12.1751 2
n 1172.5 497.5 0.09935206 1175 517.5 0.09935212 3
n 1152.5 497.5 0.09935206 1172.5 500 0.09935218 2
n 1175 495 5.960464E-08 1180 517.5 6.556511E-07 3
n 1152.5 495 0 1175 497.5 0.09935325 3
n 1145 495 -1.673374 1152.5 500 0.1108987 2
n 1125 495 -12.5 1130 510 -10.74173 2
n 1115 495 -12.5 1125 500 -12.5 3
n 1035 495 -12.5 1045 500 -12.17509 3
n 1010 495 -3.239564 1020 535 0.09935725 2
n 1007.5 495 0.06852227 1010 540 0.09935206 2
n 1000 495 -5.960464E-08 1007.5 537.5 5.960464E-08 3
n 1147.5 492.5 0.1174458 1150 495 0.1174458 2
n 1117.5 492.5 -12.5 1120 495 -12.5 2
n 1115 492.5 -12.5 1117.5 495 -12.5 3
n 1042.5 492.5 -12.69922 1045 495 -12.69922 3
n 1010 492.5 0.09145123 1012.5 495 0.09145123 2
n 1147.5 490 0.09659392 1150 492.5 0.09659392 3
n 1145 490 -1.788139E-07 1147.5 495 0.1190863 2
n 1130 490 -12.5 1145 500 0.09935206 2
n 1120 490 -12.5 1130 495 -7.564139 2
n 1115 490 -12.5 1120 492.5 -12.35754 2
n 1042.5 490 -12.69922 1045 492.5 -12.69922 2
n 1035 490 -12.69922 1042.5 495 -8.993589 2
n 1020 490 -12.69922 1035 510 -1.361506 2
n 1012.5 490 -1.258928 1020 495 0.1187711 2
n 1010 490 -0.01901531 1012.5 492.5 -0.01901531 3
n 1115 487.5 -12.5 1145 490 0.5985808 2
n 1015 487.5 -12.34759 1045 490 0.2758101 2
n 1115 472.5 -12.5 1145 487.5 0.5987312 3
n 1015 472.5 -12.34759 1045 487.5 0.5756587 3
n 1145 470 -0.01323658 1150 490 0.2520725 3
n 1140 470 -1.084152 1145 472.5 0.09935206 2
n 1010 470 -0.04107904 1015 490 0.09546179 3
n 1147.5 467.5 0.1174458 1150 470 0.1174458 3
n 1115 467.5 -12.5 1117.5 472.5 -12.5 2
n 1042.5 467.5 -12.69922 1045 472.5 -12.34759 2
n 1012.5 467.5 0.116208 1015 470 0.116208 2
n 1010 467.5 0.09179884 1012.5 470 0.09179884 3
n 1150 465 -0.08930999 1180 495 0.1108986 3
n 1147.5 465 0 1150 467.5 0 2
n 1140 465 -3.377628 1147.5 470 2.384186E-07 2
n 1117.5 465 -12.5 1125 472.5 -10.69224 2
n 1115 465 -12.5 1117.5 467.5 -12.5 3
n 1045 465 -12.69922 1050 505 -12.17509 3
n 1042.5 465 -12.5 1045 467.5 -12.5 3
n 1035 465 -12.69922 1042.5 472.5 -8.993576 2
n 1015 465 -4.620332 1020 472.5 0.1190867 2
n 1010 465 0.08888602 1015 467.5 0.0993585 2
n 1000 465 -5.960464E-08 1010 495 0.07196367 3
n 1152.5 462.5 0.09935206 1172.5 465 0.09935272 3
n 1152.5 460 0.09935206 1160 462.5 0.09935212 2
n 1140 460 -4.642811 1152.5 465 0.09935319 2
n 1115 460 -12.5 1125 465 -12.5 3
n 1100 460 -12.5 1115 505 -12.5 3
n 1050 460 -12.5 1060 505 -12.26364 3
n 1035 460 -12.5 1050 465 -12.5 3
n 1122.5 457.5 -12.1751 1125 460 -12.1751 2
n 1120 457.5 -12.266 1122.5 460 -12.266 3
n 1037.5 457.5 -12.5 1040 460 -12.5 3
n 1035 457.5 -12.5 1037.5 460 -12.5 2
n 1105 455 -12.5 1120 460 -12.27071 3
n 1040 455 -12.5 1055 460 -12.5 3
n 1107.5 452.5 -12.5 1110 455 -12.5 2
n 1105 452.5 -12.5 1107.5 455 -12.5 3
n 1052.5 452.5 -12.5 1055 455 -12.5 3
n 1050 452.5 -12.5 1052.5 455 -12.5 2
n 1180 450 0 1200 510 5.960464E-08 3
n 1172.5 450 0 1180 465 0.09935212 3
n 1125 450 -12.5 1140 472.5 -2.65369 2
n 1120 450 -12.5 1125 457.5 -12.03364 2
n 1060 450 -12.5 1100 515 -12.5 3
n 1040 450 -12.5 1050 455 -12.5 2
n 1035 450 -12.5 1040 457.5 -11.62242 2
n 1020 450 -12.69922 1035 472.5 0.2758199 2
n 1160 445 -1.116472 1170 462.5 0.09935212 2
n 1065 445 -12.5 1095 450 -12.5 3
n 1172.5 442.5 0 1185 450 0.09935313 3
n 1167.5 442.5 -0.2096238 1170 445 -0.2096238 2
n 1092.5 442.5 -12.5 1095 445 -12.5 3
n 1090 442.5 -12.5 1092.5 445 -12.5 2
n 1067.5 442.5 -12.5 1072.5 445 -12.5 2
n 1065 442.5 -12.5 1067.5 445 -12.5 3
n 1185 440 -0.0673272 1200 450 0.09935313 3
n 1180 440 0.09935206 1185 442.5 0.09935206 2
n 1170 440 0.09935206 1172.5 462.5 0.09935212 2
n 1100 440 -12.5 1105 460 -12.26068 3
n 1055 440 -12.5 1060 460 -12.5 3
n 1050 440 -12.5 1055 452.5 -12.5 2
n 1190 437.5 0.09935337 1192.5 440 0.09935337 3
n 1172.5 437.5 -0.001283705 1175 442.5 0.09935206 2
n 1102.5 437.5 -12.20429 1105 440 -12.20429 2
n 1100 437.5 -12.5 1102.5 440 -12.5 3
n 1057.5 437.5 -12.5 1060 440 -12.5 3
n 1192.5 435 0 1200 440 0.09935331 3
n 1190 435 0.09935218 1192.5 437.5 0.09935218 2
n 1175 435 -0.01172078 1180 442.5 0.09935212 2
n 1167.5 435 -0.3167141 1175 437.5 -0.06729048 2
n 1160 435 -1.215035 1167.5 445 -0.5173295 2
n 1105 435 -12.5 1110 452.5 -11.50671 2
n 1100 435 -12.13733 1105 437.5 -12.12914 2
n 1095 435 -12.5 1100 450 -12.14884 3
n 1090 435 -12.5 1095 442.5 -9.088448 2
n 1065 435 -12.5 1072.5 442.5 -9.088463 2
n 1060 435 -12.5 1065 450 -12.5 3
n 1057.5 435 -12.5 1060 437.5 -12.5 2
n 1050 435 -12.5 1057.5 440 -11.4465 2
n 1195 432.5 0.09935266 1197.5 435 0.09935266 3
n 1190 430 1.192093E-07 1195 435 0.09935218 2
n 1180 430 -0.004649758 1190 440 0.09935206 2
n 1010 430 -4.502926 1020 465 0.09935778 2
n 1197.5 427.5 0.09935206 1200 435 0.09935272 3
n 1195 427.5 0.09935212 1197.5 432.5 0.09935212 2
n 1010 425 -0.628986 1015 430 0.0993551 2
n 1010 422.5 0.09935451 1012.5 425 0.09935451 2
n 1000 422.5 -5.960464E-08 1007.5 465 0.09935218 3
n 1195 420 0 1200 427.5 0.09935206 2
n 1180 420 -0.01637203 1195 430 0.003230572 2
n 1160 420 -1.103214 1180 435 -0.005629003 2
n 1140 420 -5.620362 1160 460 -0.2925166 2
n 1120 420 -12.5 1140 450 -2.722328 2
n 1110 420 -12.5 1120 455 -4.194414 2
n 1050 420 -12.5 1072.5 435 0.372877 2
n 1020 420 -12.5 1050 450 -1.581416 2
n 1015 420 -2.041036 1020 430 -0.8142587 2
n 1007.5 420 0.08475083 1010 465 0.09935206 2
n 1012.5 417.5 -0.4548372 1015 425 -0.3775129 2
n 1135 415 -2.275912 1145 420 -1.333012 2
n 1090 415 -12.20327 1100 435 0.1190922 2
n 1087.5 415 -12.32966 1090 445 0.3728827 2
n 1072.5 415 -12.32966 1087.5 445 0.3752443 3
n 1065 415 -1.629092 1072.5 420 0.1187694 2
n 1015 415 -1.965869 1030 420 -0.5003152 2
n 1007.5 415 -0.3243386 1015 417.5 -0.07581186 2
n 1000 415 -0.02287698 1007.5 422.5 0.09935206 2
n 1137.5 412.5 -0.7392861 1142.5 415 -0.7149018 2
n 1090 412.5 0.09546208 1092.5 415 0.09546208 2
n 1067.5 412.5 0.1159045 1070 415 0.1159045 2
n 1017.5 412.5 -0.3857632 1022.5 415 -0.374251 2
n 1135 410 -0.7914999 1137.5 415 0.09935278 2
n 1110 410 -3.272029 1135 420 0.09935296 2
n 1100 410 -12.10868 1110 435 0.09935361 2
n 1092.5 410 -0.5244961 1100 415 0.1162079 2
n 1090 410 -0.0108121 1092.5 412.5 -0.0108121 3
n 1070 410 -0.04108208 1090 415 0.09514523 3
n 1067.5 410 0.09145111 1070 412.5 0.09145111 3
n 1065 410 5.960464E-08 1067.5 415 0.0887776 2
n 1030 410 -3.190113 1065 420 0.09935313 2
n 1022.5 410 -0.5922227 1030 415 0.09935272 2
n 1142.5 407.5 -0.7879232 1145 415 -0.09283543 2
n 1095 407.5 0.07196206 1137.5 410 0.09935212 2
n 1020 407.5 0.08453357 1065 410 0.09935224 2
n 1015 407.5 -0.3211451 1017.5 415 -0.07536703 2
n 1145 400 -1.671264 1200 420 0.02376837 2
n 1140 400 0.007646978 1145 407.5 0.09935266 2
n 1137.5 400 0.09935206 1140 410 0.09935206 2
n 1095 400 -5.960464E-08 1137.5 407.5 1.192093E-07 3
n 1065 400 -5.960464E-08 1095 410 0.06852055 3
n 1022.5 400 -5.960464E-08 1065 407.5 0.09935266 3
n 1015 400 -0.02079821 1022.5 407.5 0.09935206 2
n 1000 400 -0.2396404 1015 415 -0.00208801 2
g 1000 200 0 1200 400 0 31046
n 1137.5 380 0 1140 400 0 2
n 1022.5 380 -4.768372E-07 1137.5 400 4.768372E-07 3
n 1020 380 4.768372E-07 1022.5 400 4.768372E-07 2
n 1132.5 377.5 4.768372E-07 1135 380 4.768372E-07 2
n 1127.5 377.5 0 1132.5 380 4.768372E-07 3
n 1027.5 377.5 4.768372E-07 1032.5 380 4.768372E-07 3
n 1135 375 0 1140 380 4.768372E-07 2
n 1127.5 375 0 1135 377.5 4.768372E-07 2
n 1120 375 0 1127.5 380 4.768372E-07 3
n 1032.5 375 4.768372E-07 1040 380 4.768372E-07 3
n 1027.5 375 0 1032.5 377.5 0 2
n 1020 375 0 1027.5 380 4.768372E-07 2
n 1122.5 372.5 0 1125 375 0 3
n 1035 372.5 4.768372E-07 1037.5 375 4.768372E-07 3
n 1125 370 0 1140 375 4.768372E-07 2
n 1122.5 370 0 1125 372.5 0 2
n 1120 370 0 1122.5 375 0 3
n 1037.5 370 0 1040 375 0 3
n 1035 370 0 1037.5 372.5 0 2
n 1030 370 4.768372E-07 1035 375 4.768372E-07 2
n 1110 365 0 1120 380 4.768372E-07 3
n 1040 365 0 1050 380 4.768372E-07 3
n 1140 360 0 1160 400 4.768372E-07 2
n 1120 360 0 1140 370 4.768372E-07 2
n 1110 360 0 1117.5 365 4.768372E-07 3
n 1050 360 0 1110 380 4.768372E-07 3
n 1042.5 360 0 1050 365 4.768372E-07 3
n 1030 360 0 1040 370 4.768372E-07 2
n 1020 360 0 1030 375 4.768372E-07 2
n 1000 360 -4.768372E-07 1020 400 4.768372E-07 2
n 1120 355 0 1125 360 0 2
n 1035 355 0 1040 360 0 2
n 1120 352.5 0 1122.5 355 0 2
n 1090 352.5 0 1117.5 360 0.09935331 3
n 1042.5 352.5 0 1070 360 0.09935379 3
n 1037.5 352.5 4.768372E-07 1040 355 4.768372E-07 2
n 1117.5 350 0 1120 365 4.768372E-07 2
n 1070 350 0 1090 360 0.1404443 3
n 1040 350 0 1042.5 365 0 2
n 1122.5 347.5 0 1125 355 0 2
n 1115 347.5 4.768372E-07 1117.5 352.5 4.768372E-07 2
n 1087.5 347.5 0.1343822 1090 350 0.1343822 2
n 1085 347.5 -0.4282279 1087.5 350 -0.4282279 3
n 1072.5 347.5 0.1013803 1075 350 0.1013803 3
n 1070 347.5 0.09935331 1072.5 350 0.09935331 2
n 1042.5 347.5 4.768372E-07 1045 352.5 4.768372E-07 2
n 1035 347.5 4.768372E-07 1037.5 355 4.768372E-07 2
n 1125 340 0 1160 360 4.768372E-07 2
n 1115 340 0 1125 347.5 4.768372E-07 2
n 1090 340 0 1115 352.5 0.09935379 2
n 1085 340 -1.667296 1090 347.5 0.09935331 2
n 1045 340 0 1070 352.5 0.09935379 2
n 1035 340 0 1045 347.5 0 2
n 1000 340 -4.768372E-07 1035 360 4.768372E-07 2
n 1085 335 -1.789421 1095 340 0.09935236 2
n 1075 335 -2.431843 1085 350 -0.449523 3
n 1065 335 0 1070 340 4.768372E-07 2
n 1090 332.5 0.09935236 1092.5 335 0.09935236 2
n 1067.5 332.5 0 1070 335 0 2
n 1080 330 0.09935188 1090 335 0.09936237 2
n 1070 330 0.09935236 1075 347.5 0.09936428 2
n 1092.5 327.5 0 1095 335 4.768372E-07 2
n 1072.5 327.5 0 1075 330 0 2
n 1065 327.5 0 1067.5 335 0 2
n 1087.5 325 4.768372E-07 1095 327.5 4.768372E-07 2
n 1080 325 0 1087.5 330 4.768372E-07 2
n 1095 320 0 1160 340 4.768372E-07 2
n 1075 320 0 1080 335 0.09936953 2
n 1065 320 0 1075 327.5 4.768372E-07 2
n 1040 320 0 1065 340 4.768372E-07 2
n 1095 315 0 1145 320 4.768372E-07 2
n 1097.5 312.5 4.768372E-07 1142.5 315 6.818771E-05 2
n 1040 280 0 1080 320 4.768372E-07 2
n 1000 280 -4.768372E-07 1040 340 9.536743E-07 2
n 1142.5 267.5 0 1145 315 4.768372E-07 2
n 1095 267.5 0 1097.5 315 4.768372E-07 2
n 1145 260 0 1160 320 4.768372E-07 2
n 1095 260 0 1145 267.5 4.768372E-07 2
n 1080 260 0 1095 325 4.768372E-07 2
n 1000 260 -4.768372E-07 1060 280 9.536743E-07 2
n 1010 255 0 1055 260 6.67572E-06 2
n 1055 210 0 1060 260 7.152557E-06 2
n 1000 210 -4.768372E-07 1010 260 4.768372E-07 2
n 1160 200 -4.768372E-07 1200 400 4.768372E-07 2
n 1080 200 -4.768372E-07 1160 260 4.768372E-07 2
n 1060 200 -4.768372E-07 1080 280 9.536743E-07 2
n 1000 200 -4.768372E-07 1060 210 9.536743E-07 2
g 1000 0 0 1200 200 0 1783
n 1000 0 -2.164935E-14 1200 200 2.220224E-14 2
g 1200 400 0 1400 600 0 31071
n 1200 560 -12.5 1320 600 -9.974112 2
n 1220 540 -12.5 1260 560 0.2401827 2
n 1200 537.5 -9.206227 1220 560 0.2401811 2
n 1220 535 0.1120809 1225 540 0.2401868 2
n 1220 532.5 0.1400945 1222.5 535 0.1400945 2
n 1230 530 -8.285544 1260 540 -0.8163754 2
n 1222.5 527.5 0.1400945 1225 535 0.1400945 2
n 1220 527.5 0.1400945 1222.5 532.5 0.1400945 3
n 1245 525 -4.332757 1255 530 -1.855912 2
n 1225 525 -2.020932 1230 540 0.2401843 2
n 1247.5 522.5 -1.535507 1252.5 525 -1.129325 2
n 1227.5 522.5 0.1400945 1230 525 0.1400945 2
n 1225 522.5 0.1400945 1227.5 525 0.1400945 3
n 1260 520 -12.5 1320 560 -4.685551 2
n 1245 520 -0.8874995 1247.5 525 0.1400953 2
n 1230 520 -2.365998 1245 530 0.2401835 2
n 1225 520 0.1400945 1230 522.5 0.1400945 3
n 1220 520 -3.182888E-05 1225 527.5 0.1400945 3
n 1252.5 517.5 -2.507782 1255 525 -1.121734 2
n 1235 517.5 0.1400945 1247.5 520 0.1400945 2
n 1285 515 -12.48205 1315 520 -11.04793 2
n 1255 515 -5.685194 1260 530 -1.931489 2
n 1250 515 -0.8847743 1255 517.5 0.2401863 2
n 1307.5 512.5 -12.43951 1312.5 515 -12.43061 2
n 1287.5 512.5 -12.01702 1292.5 515 -11.62412 2
n 1292.5 510 -12.42224 1307.5 515 -12.19691 2
n 1235 510 0.1400945 1240 517.5 0.1400945 3
n 1220 510 -0.1671636 1235 520 0.1400945 3
n 1312.5 507.5 -12.4557 1315 515 -12.43448 2
n 1290 507.5 -12.41006 1307.5 510 -12.41005 2
n 1285 507.5 -11.47178 1287.5 515 -11.16154 2
n 1315 505 -12.49228 1320 520 -12.45056 2
n 1310 505 -12.43164 1315 507.5 -12.41005 2
n 1285 500 -12.41006 1292.5 507.5 -11.69472 2
n 1260 500 -12.31226 1285 520 0.2401898 2
n 1250 500 -2.537174 1260 515 0.290411 2
n 1247.5 500 0.1400945 1250 520 0.1400945 2
n 1292.5 497.5 -12.41006 1295 507.5 -12.41006 3
n 1247.5 497.5 -12.41006 1292.5 500 0.2401857 2
n 1295 495 -12.5 1300 507.5 -12.5 3
n 1247.5 495 -12.5 1295 497.5 0.2401856 3
n 1240 495 0.1400945 1247.5 517.5 0.1400945 3
n 1310 490 -12.47091 1320 505 -12.41005 2
n 1307.5 490 -12.41006 1310 510 -12.41006 2
n 1300 490 -12.5 1307.5 507.5 -12.41006 3
n 1305 487.5 -12.41006 1312.5 490 -12.41006 2
n 1302.5 487.5 -12.41006 1305 490 -12.41006 3
n 1302.5 485 -12.41006 1307.5 487.5 -12.41006 2
n 1300 485 -12.5 1302.5 490 -12.41006 3
n 1300 475 -12.41006 1305 485 -12.41006 2
n 1312.5 472.5 -12.49809 1315 490 -12.44926 2
n 1302.5 472.5 -12.41006 1305 475 -12.41006 2
n 1315 470 -12.49758 1320 490 -12.4669 2
n 1310 470 -12.46069 1315 472.5 -12.41006 2
n 1305 470 -12.41006 1307.5 475 -12.41006 2
n 1302.5 470 -12.5 1305 472.5 -12.5 3
n 1300 470 -12.5 1302.5 475 -12.5 3
n 1240 470 -12.5 1300 495 0.6199864 3
n 1240 465 -12.5 1307.5 470 0.2401856 3
n 1247.5 462.5 -12.41006 1292.5 465 0.2401856 3
n 1310 460 -12.49947 1320 470 -12.41006 2
n 1240 460 0.1400945 1247.5 465 0.1400945 3
n 1220 460 -0.05263489 1240 510 0.1400953 3
n 1310 455 -12.4504 1315 460 -12.41006 2
n 1280 455 -12.41006 1290 462.5 -10.85744 2
n 1310 452.5 -12.41006 1312.5 455 -12.41006 2
n 1292.5 452.5 -12.5 1307.5 465 -12.41006 3
n 1287.5 452.5 -12.1073 1290 455 -12.1073 2
n 1307.5 450 -12.41006 1310 472.5 -12.41005 2
n 1290 450 -12.41006 1292.5 462.5 -12.41006 2
n 1250 450 -2.251333 1260 462.5 0.2904081 2
n 1220 450 0.1400945 1247.5 460 0.1400946 3
n 1312.5 447.5 -12.4621 1315 455 -12.44776 2
n 1292.5 447.5 -12.41006 1295 452.5 -12.31273 2
n 1315 445 -12.49848 1320 460 -12.47696 2
n 1307.5 445 -12.47172 1315 447.5 -12.44187 2
n 1295 445 -12.42754 1307.5 452.5 -12.31499 2
n 1287.5 445 -12.25163 1295 447.5 -11.94989 2
n 1280 445 -11.7507 1287.5 455 -10.60575 2
n 1250 445 -0.9189266 1255 450 0.2401861 2
n 1250 442.5 0.2401873 1252.5 445 0.2401873 2
n 1235 442.5 0.1400945 1247.5 450 0.1400946 3
n 1247.5 440 0.1400945 1250 462.5 0.1400952 2
n 1235 440 0.140095 1245 442.5 0.1400957 2
n 1220 440 0.1400945 1235 450 0.1400946 3
n 1252.5 437.5 -2.584745 1255 445 -1.166741 2
n 1245 437.5 -0.8706815 1247.5 442.5 0.1400954 2
n 1227.5 437.5 0.1400947 1230 440 0.1400947 3
n 1227.5 435 0.2401808 1230 437.5 0.2401808 2
n 1220 435 0.1400945 1227.5 440 0.1400945 3
n 1222.5 432.5 0.1400945 1225 435 0.1400945 3
n 1255 430 -6.64794 1260 450 -1.698699 2
n 1245 430 -5.246618 1255 437.5 -1.814515 2
n 1230 430 -3.005757 1245 440 0.2401818 2
n 1222.5 427.5 0.1400945 1225 432.5 0.2401807 2
n 1220 427.5 0.1400945 1222.5 435 0.1400945 3
n 1200 422.5 -0.207393 1220 537.5 0.2750053 3
n 1260 420 -11.90198 1280 462.5 0.2401857 2
n 1230 420 -9.254117 1260 430 -1.116162 2
n 1225 420 -2.168525 1230 435 0.2401837 2
n 1220 420 -0.6323919 1225 427.5 0.240185 2
n 1320 400 -12.5 1400 600 -12.47422 2
n 1280 400 -12.5 1320 445 -10.84099 2
n 1220 400 -12.49979 1280 420 -1.007529 2
n 1200 400 -4.45131 1220 422.5 0.240181 2
g 1000 600 0 1200 800 0 31126
n 1000 680 -1.192093E-07 1160 800 2.384186E-07 2
n 1085 675 1.192093E-07 1095 680 1.192093E-07 2
n 1065 675 1.192093E-07 1075 680 1.192093E-07 2
n 1087.5 672.5 2.384186E-07 1092.5 675 2.384186E-07 2
n 1067.5 672.5 1.192093E-07 1072.5 675 1.192093E-07 2
n 1085 670 2.384186E-07 1087.5 675 0.09935224 2
n 1072.5 670 1.192093E-07 1075 675 0.09935224 2
n 1092.5 667.5 3.576279E-07 1095 675 3.576279E-07 2
n 1065 667.5 1.192093E-07 1067.5 675 1.192093E-07 2
n 1095 665 1.192093E-07 1100 680 1.192093E-07 2
n 1090 665 5.960464E-07 1095 667.5 0.09935248 2
n 1075 665 -1.797377 1085 680 0.09935784 2
n 1100 660 1.192093E-07 1140 680 1.192093E-07 2
n 1065 660 1.192093E-07 1070 667.5 1.192093E-07 2
n 1020 660 0 1065 680 2.384186E-07 2
n 1115 655 0 1125 660 1.192093E-07 2
n 1085 655 -1.82731 1090 670 0.09935308 2
n 1075 655 -2.43184 1085 665 -1.44445 3
n 1070 655 0.09935224 1075 670 0.09936988 2
n 1035 655 0 1050 660 1.192093E-07 2
n 1117.5 652.5 1.192093E-07 1122.5 655 1.192093E-07 2
n 1087.5 652.5 0.005722284 1090 655 0.005722284 2
n 1072.5 652.5 0.03872955 1075 655 0.03872955 3
n 1070 652.5 0.09935308 1072.5 655 0.09935308 2
n 1037.5 652.5 0 1042.5 655 1.192093E-07 2
n 1115 650 1.192093E-07 1117.5 655 1.192093E-07 2
n 1100 650 0 1115 660 0.09935319 2
n 1090 650 0 1100 665 0.09935331 2
n 1087.5 650 0.1815612 1090 652.5 0.1815612 3
n 1075 650 -0.7234788 1087.5 655 0.2136921 3
n 1070 650 0.09935308 1075 652.5 0.181561 3
n 1050 650 0 1070 660 0.09935308 2
n 1042.5 650 0 1050 655 1.192093E-07 2
n 1122.5 647.5 0 1125 655 1.192093E-07 2
n 1095 647.5 1.192093E-07 1117.5 650 0.09935331 2
n 1042.5 647.5 1.192093E-07 1065 650 0.09935296 2
n 1035 647.5 0 1037.5 655 1.192093E-07 2
n 1095 640 -0.1671623 1110 647.5 1.192093E-06 3
n 1065 640 1.192093E-07 1095 650 0.2133505 3
n 1060 640 1.192093E-07 1065 647.5 1.192093E-07 3
n 1117.5 637.5 -0.07121861 1120 650 1.192093E-07 2
n 1042.5 637.5 1.192093E-07 1045 647.5 1.192093E-07 3
n 1040 637.5 0 1042.5 650 1.192093E-07 2
n 1120 635 0 1125 647.5 1.192093E-07 2
n 1117.5 635 -0.0484637 1120 637.5 -0.0484637 3
n 1110 635 -0.001270413 1117.5 647.5 0.03437936 3
n 1045 635 0 1050 647.5 1.192093E-07 3
n 1040 635 0 1045 637.5 1.192093E-07 3
n 1035 635 0 1040 647.5 1.192093E-07 2
n 1120 632.5 8.34465E-07 1122.5 635 8.34465E-07 2
n 1037.5 632.5 1.192093E-07 1040 635 1.192093E-07 2
n 1122.5 627.5 2.384186E-07 1125 635 2.384186E-07 2
n 1120 627.5 2.384186E-07 1122.5 632.5 2.384186E-07 3
n 1037.5 627.5 1.192093E-07 1040 632.5 1.192093E-07 3
n 1035 627.5 1.192093E-07 1037.5 635 1.192093E-07 2
n 1125 625 0 1140 660 2.384186E-07 2
n 1120 625 2.384186E-07 1125 627.5 2.384186E-07 3
n 1020 625 0 1035 660 2.384186E-07 2
n 1127.5 622.5 1.192093E-07 1132.5 625 2.384186E-07 2
n 1032.5 622.5 0 1035 625 0 3
n 1027.5 622.5 2.384186E-07 1032.5 625 2.384186E-07 2
n 1140 620 0 1160 680 2.384186E-07 2
n 1132.5 620 1.192093E-07 1140 625 2.384186E-07 2
n 1127.5 620 2.384186E-07 1132.5 622.5 2.384186E-07 3
n 1120 620 2.384186E-07 1127.5 625 7.152557E-07 3
n 1110 620 0 1120 635 0.2750063 3
n 1060 620 -0.2073927 1110 640 1.690187 3
n 1050 620 0 1060 647.5 2.384186E-07 3
n 1040 620 1.192093E-07 1050 635 2.384186E-07 3
n 1035 620 1.192093E-07 1040 627.5 1.192093E-07 3
n 1027.5 620 0 1035 622.5 1.192093E-07 3
n 1020 620 0 1027.5 625 2.384186E-07 2
n 1000 620 -1.192093E-07 1020 680 2.384186E-07 2
n 1160 600 -1.192093E-07 1200 800 2.384186E-07 2
n 1137.5 600 0 1160 620 2.384186E-07 2
n 1022.5 600 -1.192093E-07 1137.5 620 1.576262 3
n 1000 600 0 1022.5 620 1.192093E-07 2
