s 345.4 560 -1.2
g 240 0 0 480 240 0 154952
n 240 0 0 480 240 0 2
g 0 480 0 240 720 0 154952
n 0 480 0 240 720 0 2
g 240 240 0 480 480 0 154952
n 240 240 0 480 480 0 2
g 0 240 0 240 480 0 154952
n 0 240 0 240 480 0 2
g 240 480 0 480 720 0 154731
n 440 680 0 480 720 2.384186E-07 2
n 455 677.5 0 457.5 680 0 2
n 450 675 0 455 680 0 2
n 470 672.5 0 480 675 0.2931685 2
n 450 672.5 0 452.5 675 0 2
n 470 670 0 480 672.5 1.907349E-06 3
n 460 670 0 470 675 2.384186E-07 3
n 457.5 670 2.384186E-07 460 672.5 2.384186E-07 3
n 440 670 0 450 680 2.384186E-07 2
n 445 667.5 2.384186E-07 447.5 670 2.384186E-07 2
n 455 665 0 460 670 2.384186E-07 3
n 452.5 665 0 455 667.5 0 3
n 440 660 0 445 670 0 2
n 400 660 -2.138641 440 720 0 2
n 450 650 0 460 665 2.017324 3
n 430 650 -2.138641 445 660 0 2
n 450 645 3.576279E-06 455 650 2.017312 3
n 435 645 0 445 650 0 2
n 452.5 642.5 0 455 645 0 3
n 435 642.5 0 437.5 645 0 2
n 455 640 0 460 650 3.576279E-06 3
n 430 640 -2.138641 435 650 -2.138641 2
n 400 640 -2.138641 430 660 -2.138641 2
n 240 640 -2.138641 400 720 -2.138633 2
n 457.5 637.5 0 460 640 0 3
n 430 637.5 -2.138641 432.5 640 -2.138641 2
n 350 630 -2.138641 390 640 -1.573331 2
n 380 627.5 -1.573342 382.5 630 -1.573342 2
n 357.5 627.5 -1.573342 360 630 -1.573342 3
n 355 627.5 -1.573338 357.5 630 -1.573338 2
n 382.5 625 -2.138638 390 630 -1.573334 2
n 380 625 -1.573342 382.5 627.5 -1.573342 3
n 350 625 -2.138638 355 630 -1.573338 2
n 385 622.5 -1.573341 387.5 625 -1.573341 2
n 352.5 622.5 -1.573342 355 625 -1.573342 3
n 350 622.5 -1.573342 352.5 625 -1.573342 2
n 457.5 620 8.34465E-06 460 622.5 8.34465E-06 3
n 430 620 -2.138641 432.5 622.5 -2.138641 2
n 390 620 -2.138641 430 640 -1.573334 2
n 387.5 620 -1.573342 390 625 -1.573342 2
n 385 620 -1.573342 387.5 622.5 -1.573342 3
n 380 620 -1.573342 385 625 -1.573342 3
n 355 620 -1.573342 360 627.5 -1.573342 3
n 350 620 -1.573342 355 622.5 -1.573341 3
n 340 620 -2.138641 350 640 -1.573337 2
n 390 617.5 -1.573342 392.5 620 -1.573342 2
n 347.5 617.5 -1.573342 350 620 -1.573342 3
n 345 617.5 -1.573342 347.5 620 -1.573342 2
n 435 615 0 437.5 617.5 0 2
n 392.5 615 -2.138641 435 620 -1.573331 2
n 390 615 -1.573342 392.5 617.5 -1.573342 3
n 340 615 -2.138636 345 620 -1.573333 2
n 452.5 612.5 0 455 617.5 0.4392412 3
n 432.5 612.5 -2.138641 452.5 615 0.9379759 2
n 342.5 612.5 -1.573342 345 615 -1.573342 3
n 340 612.5 -1.573339 342.5 615 -1.573339 2
n 455 610 0 460 620 0.4392521 3
n 432.5 610 -2.138641 455 612.5 0.6496464 3
n 430 610 -2.138641 432.5 615 -2.138641 3
n 360 610 -1.573342 380 630 -1.351718 3
n 345 610 -1.573342 350 617.5 -1.573342 3
n 340 610 -1.573342 345 612.5 -1.573342 3
n 377.5 607.5 -1.573342 380 610 -1.573342 3
n 362.5 607.5 -1.543605 365 610 -1.543605 2
n 360 607.5 -1.573341 362.5 610 -1.573341 3
n 377.5 605 -1.573338 380 607.5 -1.573338 2
n 365 605 -2.138641 377.5 610 -0.6179223 2
n 360 605 -1.573342 365 607.5 -0.7339029 2
n 360 595 -2.357897 380 605 -0.7339089 2
n 377.5 592.5 -1.573342 380 595 -1.573342 2
n 360 592.5 -1.573342 362.5 595 -1.573342 2
n 430 590 -2.138641 460 610 0.6496544 3
n 390 590 -2.138641 430 615 -1.314504 3
n 377.5 590 -1.573342 380 592.5 -1.573342 3
n 362.5 590 -1.573342 377.5 595 -0.617919 2
n 360 590 -1.573342 362.5 592.5 -1.573342 3
n 340 590 -1.573342 350 610 -1.27507 3
n 432.5 587.5 -2.138641 452.5 590 0.9379709 3
n 340 587.5 -1.573342 342.5 590 -1.573342 3
n 437.5 585 0 452.5 587.5 2.384186E-07 2
n 432.5 585 -2.138641 435 587.5 -2.138641 2
n 390 585 -2.138641 432.5 590 -1.573338 3
n 342.5 585 -1.573342 350 590 -1.573341 3
n 340 585 -1.573342 342.5 587.5 -1.573342 2
n 452.5 582.5 2.622604E-06 455 590 0.4392439 3
n 435 582.5 0 437.5 587.5 0 2
n 392.5 582.5 -1.573342 395 585 -1.573342 2
n 390 582.5 -1.573342 392.5 585 -1.573342 3
n 345 582.5 -1.573342 347.5 585 -1.573342 3
n 455 580 0 460 590 0.4392439 3
n 430 580 -2.138641 435 585 -2.138641 2
n 395 580 -2.138641 400 585 -1.573338 2
n 390 580 -1.573342 395 582.5 -1.573339 2
n 380 580 -1.573342 390 620 -1.300283 3
n 350 580 -1.573342 360 620 -1.338723 3
n 347.5 580 -1.573342 350 585 -1.573342 3
n 345 580 -1.573342 347.5 582.5 -1.573342 2
n 340 580 -2.138641 345 585 -1.573338 2
n 457.5 577.5 2.384186E-07 460 580 2.384186E-07 3
n 430 577.5 -2.138641 432.5 580 -2.138641 2
n 387.5 577.5 -1.573342 390 580 -1.573342 2
n 385 577.5 -1.573342 387.5 580 -1.573342 3
n 350 577.5 -1.573342 352.5 580 -1.573342 3
n 380 575 -1.573342 385 580 -1.573342 3
n 352.5 575 -1.573342 360 580 -1.573342 3
n 350 575 -1.573342 352.5 577.5 -1.573342 2
n 382.5 572.5 -1.57334 385 575 -1.57334 2
n 380 572.5 -1.573341 382.5 575 -1.573341 3
n 355 572.5 -1.573342 357.5 575 -1.573342 3
n 390 570 -2.138641 400 580 -1.573338 2
n 385 570 -2.138641 390 577.5 -1.57334 2
n 380 570 -2.138641 385 572.5 -1.57334 2
n 360 570 -1.573342 380 590 -1.351718 3
n 357.5 570 -1.573342 360 575 -1.573342 3
n 355 570 -2.138641 357.5 572.5 -2.138641 2
n 350 570 -2.138641 355 575 -1.573342 2
n 340 570 -2.138641 350 580 -1.57334 2
n 457.5 560 0 460 562.5 0 3
n 430 560 -2.138641 432.5 562.5 -2.138641 2
n 340 560 -2.138641 400 570 -1.573339 2
n 240 560 -2.138642 340 640 -1.553947 2
n 455 555 0 460 560 3.576279E-06 3
n 452.5 555 0.2931877 455 557.5 0.2931877 3
n 435 555 0 437.5 557.5 0 2
n 430 555 -2.138641 435 560 -2.138641 2
n 460 540 0 480 670 0.4392465 3
n 450 540 0 460 555 2.017306 3
n 430 540 -2.138641 440 555 2.384186E-07 2
n 400 540 -2.138641 430 585 -2.138641 2
n 450 535 0 455 540 0 3
n 452.5 532.5 0 455 535 0 3
n 455 530 0 460 540 2.384186E-07 3
n 445 530 2.384186E-07 447.5 532.5 2.384186E-07 2
n 440 530 0 445 555 2.384186E-07 2
n 470 527.5 0 480 540 0.2931923 3
n 457.5 527.5 0 460 530 0 3
n 460 525 0 470 540 2.384186E-07 3
n 450 525 0 452.5 527.5 0 2
n 455 520 0 457.5 522.5 0 2
n 450 520 0 455 525 0 2
n 440 520 0 450 530 2.384186E-07 2
n 470 500 0 480 517.5 2.384186E-07 2
n 440 500 0 470 520 2.384186E-07 2
n 440 480 -2.384186E-07 480 500 2.384186E-07 2
n 400 480 -2.138641 440 540 2.384186E-07 2
n 240 480 -2.138641 400 560 -2.138641 2
g 240 720 0 480 960 0 154952
n 240 720 0 480 960 0 2
g 480 480 0 720 720 0 152038
n 620 715 0 640 720 5.960464E-08 3
n 560 715 0 580 720 5.960464E-08 3
n 637.5 712.5 5.960464E-08 640 715 5.960464E-08 3
n 620 712.5 5.960464E-08 622.5 715 5.960464E-08 3
n 577.5 712.5 0 580 715 0 3
n 560 712.5 0 562.5 715 0 3
n 640 710 0 672.5 720 5.960464E-08 3
n 610 710 0 620 720 0.4236524 3
n 580 710 0 590 720 0.4236498 3
n 550 710 0 560 720 5.960464E-08 3
n 642.5 707.5 0 645 710 0 3
n 615 707.5 0.4236471 617.5 710 0.4236471 3
n 582.5 707.5 3.874302E-06 585 710 3.874302E-06 3
n 555 707.5 5.960464E-08 557.5 710 5.960464E-08 3
n 672.5 705 5.960464E-08 675 720 5.960464E-08 2
n 645 705 0 672.5 710 5.960464E-08 3
n 550 705 0 555 710 5.960464E-08 3
n 527.5 705 0 550 720 0 3
n 532.5 702.5 0 535 705 0 2
n 527.5 702.5 0 532.5 705 0 3
n 680 700 0 700 720 5.960464E-08 2
n 670 700 5.960464E-08 675 705 5.960464E-08 2
n 655 700 0 665 705 5.960464E-08 2
n 610 700 0 615 710 0.4236446 3
n 585 700 0 590 710 0.4236471 3
n 535 700 0 545 705 0 2
n 680 697.5 0 682.5 700 0 2
n 672.5 697.5 5.960464E-08 675 700 5.960464E-08 2
n 682.5 695 0 690 700 5.960464E-08 2
n 662.5 695 5.960464E-08 665 697.5 5.960464E-08 2
n 655 695 0 657.5 697.5 0 2
n 545 695 0 555 705 5.960464E-08 2
n 542.5 695 0 545 697.5 0 2
n 535 695 0 537.5 697.5 0 2
n 510 695 0 517.5 720 5.960464E-08 2
n 685 692.5 5.960464E-08 687.5 695 5.960464E-08 2
n 670 692.5 0 672.5 700 5.960464E-08 2
n 512.5 692.5 5.960464E-08 515 695 5.960464E-08 2
n 690 690 0 700 700 5.960464E-08 2
n 687.5 690 5.960464E-08 690 695 5.960464E-08 2
n 665 690 0 670 705 5.960464E-08 2
n 655 690 0 660 695 5.960464E-08 2
n 645 690 0 655 705 5.960464E-08 2
n 642.5 690 0 645 692.5 0 2
n 615 690 5.960464E-08 617.5 692.5 5.960464E-08 2
n 582.5 690 5.960464E-08 585 692.5 5.960464E-08 2
n 555 690 5.960464E-08 557.5 692.5 5.960464E-08 2
n 540 690 0 555 695 5.960464E-08 2
n 527.5 690 0 535 702.5 0 2
n 510 690 5.960464E-08 512.5 695 5.960464E-08 2
n 500 690 0 510 720 5.960464E-08 2
n 690 687.5 5.960464E-08 692.5 690 5.960464E-08 2
n 665 687.5 5.960464E-08 667.5 690 5.960464E-08 2
n 530 687.5 0 532.5 690 0 2
n 507.5 687.5 5.960464E-08 510 690 5.960464E-08 2
n 637.5 685 5.960464E-08 640 687.5 5.960464E-08 2
n 620 685 5.960464E-08 622.5 687.5 5.960464E-08 2
n 580 685 0 585 690 5.960464E-08 2
n 577.5 685 5.960464E-08 580 687.5 5.960464E-08 2
n 560 685 0 562.5 687.5 0 2
n 532.5 685 0 535 690 0 2
n 505 685 0 507.5 690 5.960464E-08 2
n 612.5 680 -1.993162 615 700 0.8405839 2
n 610 680 -1.993162 612.5 700 0.5779428 3
n 587.5 680 -1.993162 590 700 0.8405788 3
n 585 680 -1.993162 587.5 700 1.0252E-05 2
n 500 680 0 505 690 5.960464E-08 2
n 480 680 0 500 720 5.960464E-08 2
n 692.5 672.5 0 695 690 5.960464E-08 2
n 532.5 672.5 0 535 675 0 2
n 505 672.5 0 507.5 675 0 2
n 480 672.5 0 495 675 0 2
n 695 670 0 700 690 5.960464E-08 2
n 690 670 5.960464E-08 695 672.5 5.960464E-08 2
n 665 670 5.960464E-08 667.5 672.5 5.960464E-08 2
n 660 670 0 665 695 5.960464E-08 2
n 535 670 0 540 695 0 2
n 530 670 0 535 672.5 0 2
n 687.5 667.5 5.960464E-08 690 670 5.960464E-08 2
n 527.5 667.5 0 530 670 0 2
n 510 667.5 5.960464E-08 512.5 670 5.960464E-08 2
n 685 665 5.960464E-08 690 667.5 5.960464E-08 2
n 525 665 0 530 667.5 0 2
n 510 665 0 515 667.5 0 2
n 500 665 0 505 675 5.960464E-08 2
n 502.5 662.5 0 505 665 0 2
n 560 660 -1.993162 585 685 5.960464E-08 2
n 540 660 0 560 690 5.960464E-08 2
n 530 660 0 540 670 0 2
n 520 660 0 530 665 0 2
n 505 655 0 510 672.5 5.960464E-08 2
n 502.5 655 5.960464E-08 505 657.5 5.960464E-08 2
n 495 655 0 500 675 5.960464E-08 2
n 495 645 0 510 655 5.960464E-08 2
n 490 645 0 495 672.5 5.960464E-08 3
n 507.5 642.5 5.960464E-08 510 645 5.960464E-08 2
n 490 642.5 0 492.5 645 0 3
n 620 640 0 640 685 5.960464E-08 2
n 520 640 -1.993162 585 660 5.960464E-08 2
n 510 640 0 520 665 5.960464E-08 2
n 480 640 0 490 672.5 5.960464E-08 3
n 512.5 637.5 0 515 640 0 2
n 485 637.5 0 487.5 640 0 3
n 565 635 0 575 640 5.960464E-08 2
n 632.5 630 0 640 640 5.960464E-08 2
n 620 630 5.960464E-08 625 640 5.960464E-08 2
n 575 630 -1.993162 585 640 -1.993156 2
n 582.5 627.5 -1.993162 585 630 -1.993162 2
n 610 625 -1.993162 615 680 -1.993162 3
n 585 625 -1.993162 590 680 -1.993162 3
n 582.5 625 -1.993162 585 627.5 -1.993162 3
n 575 625 -1.993162 582.5 630 -1.993156 2
n 577.5 622.5 -1.993162 580 625 -1.993162 2
n 590 620 -1.993162 610 720 0.5779436 3
n 580 620 -1.993162 590 625 -1.993162 3
n 577.5 620 -1.993162 580 622.5 -1.993162 3
n 565 620 -1.993162 577.5 625 5.960464E-08 2
n 515 620 0 565 640 5.960464E-08 2
n 512.5 620 5.960464E-08 515 622.5 5.960464E-08 2
n 485 620 5.960464E-08 487.5 622.5 5.960464E-08 3
n 480 620 0 485 640 5.960464E-08 3
n 572.5 617.5 -1.993162 575 620 -1.993162 2
n 575 615 -1.993162 580 620 -1.993162 3
n 572.5 615 -1.993162 575 617.5 -1.993162 3
n 510 615 -1.993163 572.5 620 8.881092E-06 2
n 507.5 615 5.960464E-08 510 617.5 5.960464E-08 2
n 490 615 3.576279E-06 492.5 617.5 3.576279E-06 3
n 500 612.5 0 520 615 0.8405787 2
n 520 590 -1.993162 580 615 -1.993156 3
n 500 587.5 -1.993159 520 612.5 0.8405731 3
n 520 585 -1.993162 575 590 -1.993162 3
n 500 585 0 507.5 587.5 5.960464E-08 2
n 490 585 0 500 615 0.4236481 3
n 572.5 582.5 -1.993162 575 585 -1.993162 3
n 507.5 582.5 5.960464E-08 510 587.5 5.960464E-08 2
n 490 582.5 0 492.5 585 0 3
n 580 580 -1.993162 610 620 -1.993162 3
n 575 580 -1.993162 580 590 -1.993162 3
n 572.5 580 -1.99315 575 582.5 -1.99315 2
n 565 580 -1.99315 572.5 585 1.221895E-05 2
n 510 580 0 515 587.5 1.311302E-06 2
n 480 580 0 490 620 0.4236493 3
n 577.5 577.5 -1.993162 580 580 -1.993162 3
n 575 577.5 -1.993144 577.5 580 -1.993144 2
n 512.5 577.5 5.960464E-08 515 580 5.960464E-08 2
n 485 577.5 5.960464E-08 487.5 580 5.960464E-08 3
n 580 575 -1.993162 585 580 -1.993162 3
n 565 575 0 575 580 1.221895E-05 2
n 612.5 572.5 -1.993162 615 625 -1.993162 2
n 610 572.5 -1.993162 612.5 625 -1.993162 3
n 582.5 572.5 -1.993162 585 575 -1.993162 3
n 580 572.5 -1.993162 582.5 575 -1.993162 2
n 620 570 0 640 630 5.960464E-08 2
n 575 565 -1.993162 580 577.5 -1.993156 2
n 560 565 -1.99315 565 585 1.221895E-05 2
n 632.5 560 0 640 570 5.960464E-08 2
n 620 560 0 625 570 5.960464E-08 2
n 520 560 -1.99315 540 585 1.221895E-05 2
n 515 560 0 520 587.5 1.519918E-05 2
n 512.5 560 0 515 562.5 0 2
n 485 560 0 487.5 562.5 0 3
n 480 560 0 485 580 5.960464E-08 3
n 507.5 555 5.960464E-08 510 557.5 5.960464E-08 2
n 490 555 0 492.5 557.5 0 3
n 490 550 0 495 555 5.960464E-08 3
n 480 550 0 490 560 5.960464E-08 3
n 500 545 0 505 555 0 2
n 502.5 542.5 1.192093E-07 505 545 1.192093E-07 2
n 510 540 0 540 560 1.192093E-07 2
n 505 540 0 510 555 1.192093E-07 2
n 682.5 535 0 690 665 1.192093E-07 2
n 505 535 0 530 540 5.960464E-08 2
n 502.5 535 0 505 537.5 0 2
n 495 535 0 500 555 5.960464E-08 2
n 685 532.5 1.192093E-07 687.5 535 1.192093E-07 2
n 670 532.5 0 672.5 667.5 1.192093E-07 2
n 527.5 532.5 5.960464E-08 530 535 5.960464E-08 2
n 512.5 532.5 5.960464E-08 515 535 5.960464E-08 2
n 495 532.5 5.960464E-08 497.5 535 5.960464E-08 2
n 690 530 0 700 670 1.192093E-07 2
n 687.5 530 5.960464E-08 690 535 5.960464E-08 2
n 660 530 0 670 670 1.192093E-07 2
n 530 530 0 540 540 5.960464E-08 2
n 510 530 1.192093E-07 512.5 535 1.192093E-07 2
n 495 530 5.960464E-08 497.5 532.5 5.960464E-08 3
n 480 530 0 495 550 5.960464E-08 3
n 690 527.5 0 692.5 530 0 2
n 665 527.5 5.960464E-08 667.5 530 5.960464E-08 2
n 532.5 527.5 0 535 530 0 2
n 497.5 527.5 0 510 535 1.192093E-07 2
n 480 527.5 0 497.5 530 0 3
n 660 520 0 665 530 5.960464E-08 2
n 640 520 0 660 690 1.192093E-07 2
n 610 520 -1.993162 615 572.5 -1.993156 3
n 585 520 -1.993162 610 580 -1.99315 3
n 620 515 0 640 560 1.192093E-07 2
n 560 515 -1.993162 580 565 9.179115E-06 2
n 692.5 512.5 0 695 530 5.960464E-08 2
n 637.5 512.5 5.960464E-08 640 515 5.960464E-08 2
n 620 512.5 5.960464E-08 622.5 515 5.960464E-08 2
n 577.5 512.5 5.960464E-08 580 515 5.960464E-08 2
n 560 512.5 0 562.5 515 0 2
n 505 512.5 0 507.5 515 0 2
n 695 510 0 700 530 1.192093E-07 2
n 690 510 0 695 512.5 0 2
n 665 510 5.960464E-08 667.5 512.5 5.960464E-08 2
n 640 510 0 665 520 1.192093E-07 2
n 615 510 -1.993162 620 690 1.03116E-05 2
n 580 510 -1.993162 585 572.5 3.099442E-06 2
n 540 510 -1.99315 560 585 1.221895E-05 2
n 535 510 0 540 530 5.960464E-08 2
n 532.5 510 5.960464E-08 535 512.5 5.960464E-08 2
n 505 510 5.960464E-08 510 512.5 5.960464E-08 2
n 500 510 0 505 517.5 5.960464E-08 2
n 687.5 507.5 5.960464E-08 690 510 5.960464E-08 2
n 642.5 507.5 5.960464E-08 645 510 5.960464E-08 2
n 615 507.5 5.960464E-08 617.5 510 5.960464E-08 2
n 582.5 507.5 5.960464E-08 585 510 5.960464E-08 2
n 555 507.5 5.960464E-08 557.5 510 5.960464E-08 2
n 670 505 5.960464E-08 672.5 507.5 5.960464E-08 2
n 655 505 0 670 510 5.960464E-08 2
n 535 505 0 545 510 5.960464E-08 2
n 512.5 505 0 515 507.5 0 2
n 510 505 5.960464E-08 512.5 510 5.960464E-08 2
n 682.5 502.5 5.960464E-08 685 505 5.960464E-08 2
n 662.5 502.5 5.960464E-08 665 505 5.960464E-08 2
n 655 502.5 5.960464E-08 657.5 505 5.960464E-08 2
n 542.5 502.5 0 545 505 0 2
n 535 502.5 0 537.5 505 0 2
n 700 500 0 720 720 1.192093E-07 2
n 690 500 0 700 510 5.960464E-08 2
n 685 500 0 690 507.5 5.960464E-08 2
n 680 500 5.960464E-08 685 502.5 5.960464E-08 2
n 672.5 500 5.960464E-08 675 502.5 5.960464E-08 2
n 665 500 0 672.5 505 5.960464E-08 2
n 612.5 500 5.960464E-08 615 520 0.8405749 2
n 587.5 500 -1.993159 612.5 520 0.8405698 3
n 585 500 0 587.5 520 3.099442E-06 2
n 545 500 0 555 510 5.960464E-08 2
n 530 500 0 535 510 5.960464E-08 2
n 527.5 500 0 530 507.5 0 2
n 510 500 0 517.5 505 5.960464E-08 2
n 500 500 0 510 510 5.960464E-08 2
n 480 500 0 500 517.5 5.960464E-08 2
n 527.5 497.5 0 532.5 500 0 2
n 655 495 0 675 500 5.960464E-08 2
n 645 495 0 655 510 5.960464E-08 2
n 532.5 495 0 555 500 5.960464E-08 2
n 530 495 0 532.5 497.5 0 3
n 645 490 0 672.5 495 5.960464E-08 3
n 642.5 490 5.960464E-08 645 492.5 5.960464E-08 3
n 615 490 0 617.5 492.5 0 3
n 585 490 0 615 500 0.4236468 3
n 582.5 490 0 585 492.5 0 3
n 555 490 5.960464E-08 557.5 492.5 5.960464E-08 3
n 550 490 0 555 495 0 3
n 637.5 485 0 640 487.5 0 3
n 620 485 0 622.5 487.5 0 3
n 577.5 485 0 580 487.5 0 3
n 560 485 0 562.5 487.5 0 3
n 680 480 -5.960464E-08 720 500 5.960464E-08 2
n 672.5 480 0 675 495 5.960464E-08 2
n 640 480 -5.960464E-08 672.5 490 5.960464E-08 3
n 620 480 -5.960464E-08 640 485 0 3
n 580 480 -5.960464E-08 620 490 0.4236452 3
n 560 480 0 580 485 0 3
n 550 480 0 560 490 0 3
n 530 480 0 550 495 5.960464E-08 3
n 527.5 480 0 530 497.5 0 3
n 480 480 0 517.5 500 5.960464E-08 2
g 480 240 0 720 480 0 154223
n 527.5 465 0 530 480 2.384186E-07 3
n 680 460 0 720 480 2.384186E-07 2
n 672.5 460 2.384186E-07 675 480 0.3284101 2
n 660 460 0 672.5 480 1.907349E-06 3
n 580 460 0 620 480 2.384186E-07 3
n 540 460 0 560 480 1.404078 3
n 530 455 0 540 480 2.168703 3
n 530 452.5 2.168698 532.5 455 2.168698 3
n 680 450 0 690 460 2.384186E-07 2
n 540 450 1.404058 550 460 2.168708 3
n 532.5 450 2.168698 540 455 2.168698 3
n 510 450 0 517.5 480 2.384186E-07 2
n 682.5 447.5 2.384186E-07 685 450 2.384186E-07 2
n 542.5 447.5 2.168698 545 450 2.168698 3
n 512.5 447.5 2.384186E-07 515 450 2.384186E-07 2
n 685 445 0 690 450 2.384186E-07 2
n 675 445 2.384186E-07 677.5 447.5 2.384186E-07 3
n 590 445 0 610 460 2.384186E-07 3
n 545 445 2.168698 550 450 2.168707 3
n 510 445 0 512.5 450 0 2
n 687.5 442.5 0 690 445 0 2
n 607.5 442.5 0 610 445 0 3
n 590 442.5 0 592.5 445 0 3
n 690 440 0 720 460 2.384186E-07 2
n 680 440 0 682.5 442.5 0 3
n 675 440 0 680 445 0 3
n 660 440 0 675 460 2.384186E-07 3
n 610 440 0 620 460 2.384186E-07 3
n 580 440 0 590 460 2.384186E-07 3
n 612.5 437.5 2.384186E-07 615 440 2.384186E-07 3
n 585 437.5 0 587.5 440 0 3
n 685 435 2.384186E-07 687.5 437.5 2.384186E-07 3
n 680 435 0 685 440 2.384186E-07 3
n 547.5 435 2.168698 550 445 2.168698 3
n 700 432.5 0 720 435 0.328408 2
n 550 430 0 560 460 1.877536 3
n 545 430 1.404058 550 435 2.168698 3
n 542.5 430 2.168698 545 432.5 2.168698 3
n 510 430 0 512.5 432.5 0 2
n 615 425 0 620 440 2.384186E-07 3
n 580 425 0 585 440 2.384186E-07 3
n 535 425 2.168698 540 430 2.168698 3
n 532.5 425 2.168698 535 427.5 2.168698 3
n 515 425 2.384186E-07 520 427.5 2.384186E-07 2
n 510 425 0 515 430 2.384186E-07 2
n 615 422.5 0 617.5 425 0 3
n 582.5 422.5 2.384186E-07 585 425 2.384186E-07 3
n 620 420 0 660 480 0.7628528 3
n 617.5 420 0 620 425 0 3
n 615 420 0 617.5 422.5 0 2
n 582.5 420 2.384186E-07 585 422.5 2.384186E-07 2
n 580 420 2.384186E-07 582.5 425 2.384186E-07 3
n 560 420 0 580 480 2.384186E-07 3
n 540 420 0 560 430 2.168698 3
n 530 420 1.404058 540 425 1.404058 3
n 510 420 0 520 425 2.384186E-07 2
n 480 420 -2.384186E-07 510 480 2.384186E-07 2
n 620 417.5 2.384186E-07 622.5 420 2.384186E-07 3
n 615 417.5 0 620 420 0 2
n 577.5 417.5 0 585 420 2.384186E-07 2
n 575 417.5 0 577.5 420 0 3
n 537.5 417.5 0 540 420 0 3
n 535 417.5 0 537.5 420 0 2
n 530 417.5 0 532.5 420 0 2
n 622.5 415 0 640 420 0.7628435 3
n 540 415 0 575 420 2.384186E-07 3
n 622.5 407.5 0 625 415 0 2
n 610 407.5 0 612.5 415 0 2
n 587.5 407.5 2.384186E-07 590 415 2.384186E-07 2
n 575 407.5 0 577.5 417.5 2.384186E-07 2
n 640 405 0.7628431 650 420 0.7628435 3
n 637.5 405 0.7628433 640 415 0.7628433 3
n 640 402.5 0.7628433 642.5 405 0.7628433 3
n 630 402.5 0 632.5 415 2.384186E-07 2
n 650 400 0.7628433 660 420 0.7628434 3
n 642.5 400 0.7628433 650 405 0.7628434 3
n 625 400 0 630 415 2.384186E-07 2
n 610 400 0 625 407.5 2.384186E-07 2
n 590 400 0 610 415 2.384186E-07 2
n 575 400 0 590 407.5 2.384186E-07 2
n 560 400 0 575 415 2.384186E-07 2
n 520 400 2.384186E-07 522.5 407.5 2.384186E-07 2
n 645 397.5 0.7628433 655 400 0.7628435 3
n 635 397.5 0 637.5 400 0 2
n 532.5 397.5 2.384186E-07 535 420 2.384186E-07 2
n 635 395 0 640 397.5 0 2
n 630 395 0 635 402.5 0 2
n 535 395 0 540 417.5 2.384186E-07 2
n 640 392.5 0 642.5 395 0 2
n 655 385 0 660 400 0.7628435 3
n 640 385 0 655 392.5 2.384186E-07 2
n 525 385 2.384186E-07 527.5 387.5 2.384186E-07 2
n 520 385 0 525 400 2.384186E-07 2
n 657.5 382.5 0 660 385 0 3
n 647.5 382.5 0 657.5 385 0 2
n 660 380 0 680 440 0.7628573 3
n 630 380 0 640 395 2.384186E-07 2
n 600 380 0 630 400 2.384186E-07 2
n 540 380 0 560 415 2.384186E-07 2
n 537.5 380 0 540 395 2.384186E-07 2
n 527.5 380 2.384186E-07 530 382.5 2.384186E-07 2
n 520 380 0 527.5 385 2.384186E-07 2
n 660 377.5 0 662.5 380 0 3
n 657.5 377.5 0 660 382.5 0 2
n 537.5 377.5 2.384186E-07 545 380 2.384186E-07 2
n 662.5 375 0 680 380 2.384186E-07 3
n 657.5 375 0 662.5 377.5 0 2
n 545 375 0 550 380 2.384186E-07 2
n 677.5 372.5 0 680 375 0 3
n 680 370 0 700 435 2.384186E-07 3
n 647.5 370 0 655 372.5 0 2
n 640 370 0 647.5 385 2.384186E-07 2
n 682.5 367.5 0 685 370 0 3
n 530 365 2.384186E-07 532.5 370 2.384186E-07 2
n 560 360 0 600 400 2.384186E-07 2
n 550 360 0 560 380 2.384186E-07 2
n 547.5 360 2.384186E-07 550 375 2.384186E-07 2
n 535 360 2.384186E-07 537.5 362.5 2.384186E-07 2
n 530 360 0 535 365 2.384186E-07 2
n 520 360 0 530 380 2.384186E-07 2
n 480 360 -2.384186E-07 520 420 2.384186E-07 2
n 550 357.5 2.384186E-07 552.5 360 2.384186E-07 2
n 552.5 355 2.384186E-07 560 360 2.384186E-07 2
n 555 352.5 2.384186E-07 557.5 355 2.384186E-07 2
n 685 350 0 700 370 2.384186E-07 3
n 682.5 350 2.384186E-07 685 352.5 2.384186E-07 3
n 640 350 0 655 370 2.384186E-07 2
n 560 350 0 580 360 2.384186E-07 2
n 540 350 2.384186E-07 542.5 355 2.384186E-07 2
n 647.5 347.5 0 655 350 2.384186E-07 2
n 557.5 347.5 2.384186E-07 560 355 2.384186E-07 2
n 677.5 345 0 680 347.5 0 3
n 560 345 2.384186E-07 565 350 2.384186E-07 2
n 545 345 2.384186E-07 547.5 347.5 2.384186E-07 2
n 540 345 2.384186E-07 545 350 2.384186E-07 2
n 662.5 342.5 0 665 345 0 3
n 660 342.5 0 662.5 345 0 2
n 562.5 342.5 2.384186E-07 565 345 2.384186E-07 2
n 680 340 0 700 350 2.384186E-07 3
n 665 340 0 680 345 0 3
n 660 340 0 665 342.5 0 3
n 657.5 340 0 660 345 0 2
n 565 340 2.384186E-07 580 350 2.384186E-07 2
n 550 340 2.384186E-07 552.5 342.5 2.384186E-07 2
n 540 340 2.384186E-07 550 345 2.384186E-07 2
n 657.5 337.5 2.384186E-07 660 340 2.384186E-07 3
n 647.5 335 2.384186E-07 650 337.5 2.384186E-07 2
n 640 335 0 647.5 350 2.384186E-07 2
n 567.5 335 0 575 340 2.384186E-07 2
n 570 332.5 2.384186E-07 572.5 335 2.384186E-07 2
n 555 332.5 2.384186E-07 557.5 335 2.384186E-07 2
n 580 330 0 600 360 2.384186E-07 2
n 572.5 330 2.384186E-07 575 335 2.384186E-07 2
n 555 330 2.384186E-07 560 332.5 2.384186E-07 2
n 540 330 0 555 340 2.384186E-07 2
n 575 327.5 0 580 340 2.384186E-07 2
n 580 325 0 585 330 2.384186E-07 2
n 560 325 2.384186E-07 562.5 330 2.384186E-07 2
n 582.5 322.5 2.384186E-07 585 325 2.384186E-07 2
n 660 320 0 700 340 2.384186E-07 3
n 600 320 0 640 380 2.384186E-07 2
n 585 320 0 600 330 2.384186E-07 2
n 567.5 320 2.384186E-07 570 322.5 2.384186E-07 2
n 560 320 2.384186E-07 567.5 325 2.384186E-07 2
n 540 320 0 560 330 2.384186E-07 2
n 480 320 -2.384186E-07 540 360 2.384186E-07 2
n 587.5 317.5 2.384186E-07 592.5 320 2.384186E-07 2
n 570 317.5 2.384186E-07 572.5 320 2.384186E-07 2
n 592.5 315 0 600 320 2.384186E-07 2
n 595 312.5 2.384186E-07 597.5 315 2.384186E-07 2
n 670 310 0 690 320 1.404072 3
n 600 310 0 620 320 2.384186E-07 2
n 597.5 310 2.384186E-07 600 315 2.384186E-07 2
n 580 310 2.384186E-07 582.5 312.5 2.384186E-07 2
n 575 310 2.384186E-07 580 315 2.384186E-07 2
n 570 310 2.384186E-07 575 317.5 2.384186E-07 2
n 560 310 0 570 320 2.384186E-07 2
n 675 307.5 2.1687 685 310 2.1687 3
n 600 307.5 2.384186E-07 602.5 310 2.384186E-07 2
n 685 305 1.846799 690 310 2.168704 3
n 670 305 1.846793 675 310 2.1687 3
n 655 305 0 660 337.5 2.384186E-07 3
n 650 305 0 655 337.5 2.384186E-07 2
n 602.5 305 0 620 310 0 2
n 585 305 2.384186E-07 587.5 307.5 2.384186E-07 2
n 687.5 302.5 2.168698 690 305 2.168698 3
n 670 302.5 2.168698 672.5 305 2.168698 3
n 657.5 302.5 0 660 305 0 3
n 657.5 300 0 660 302.5 0 2
n 650 300 0 657.5 305 2.384186E-07 2
n 620 300 0 640 320 2.384186E-07 2
n 617.5 300 0 620 305 0 2
n 590 300 0 595 302.5 0 2
n 585 300 0 590 305 2.384186E-07 2
n 560 300 0 585 310 2.384186E-07 2
n 620 297.5 0 635 300 2.384186E-07 2
n 690 295 0 700 320 2.16871 3
n 650 295 0 660 300 2.384186E-07 2
n 635 295 0 640 300 0 2
n 597.5 295 2.384186E-07 600 297.5 2.384186E-07 2
n 590 295 0 597.5 300 2.384186E-07 2
n 690 292.5 2.168698 692.5 295 2.168698 3
n 650 292.5 0 657.5 295 2.384186E-07 2
n 637.5 292.5 2.384186E-07 640 295 2.384186E-07 2
n 700 290 0 720 432.5 1.404069 3
n 692.5 290 1.404068 700 295 2.168703 3
n 660 290 0 670 320 2.1687 3
n 657.5 290 0 660 295 0 2
n 640 290 0 650 335 2.384186E-07 2
n 605 290 0 612.5 292.5 0 2
n 600 290 0 605 295 2.384186E-07 2
n 705 287.5 0 720 290 0 3
n 615 287.5 0 617.5 290 0 2
n 627.5 280 0 647.5 282.5 2.384186E-07 2
n 620 280 0 627.5 285 2.384186E-07 2
n 615 280 0 620 287.5 2.384186E-07 2
n 600 280 0 615 290 2.384186E-07 2
n 590 280 0 600 295 2.384186E-07 2
n 560 280 2.384186E-07 590 300 2.384186E-07 2
n 692.5 275 0 720 277.5 0 2
n 665 275 0 667.5 277.5 0 2
n 690 270 0 720 275 0 2
n 687.5 270 0 690 272.5 0 2
n 670 270 0 672.5 272.5 0 2
n 665 270 0 670 275 0 2
n 660 270 0 665 280 2.384186E-07 2
n 660 240 0 720 270 2.384186E-07 2
n 560 240 0 660 280 2.384186E-07 2
n 480 240 -2.384186E-07 560 320 2.384186E-07 2
g 480 720 0 720 960 0 223766
n 650 955 0 672.5 960 0 3
n 590 955 0 610 960 0 3
n 535 955 0 550 960 0 3
n 672.5 952.5 0 675 960 0 2
n 667.5 952.5 0 672.5 955 0 3
n 650 952.5 0 652.5 955 0 3
n 607.5 952.5 0 610 955 0 3
n 590 952.5 0 592.5 955 0 3
n 547.5 952.5 0 550 955 0 3
n 527.5 952.5 0 535 960 5.960464E-08 3
n 640 950 0 650 960 0 3
n 610 950 0 620 960 0 3
n 580 950 0 590 960 0 3
n 550 950 0 560 960 0 3
n 510 950 0 517.5 960 5.960464E-08 2
n 645 947.5 0 647.5 950 0 3
n 612.5 947.5 0 615 950 0 3
n 585 947.5 0 587.5 950 0 3
n 552.5 947.5 0 555 950 0 3
n 510 940 0 520 950 5.960464E-08 2
n 480 940 0 510 960 5.960464E-08 2
n 640 935 0 645 950 0.420143 3
n 615 935 0 620 950 0.4378884 3
n 580 935 0 585 950 0.4201417 3
n 555 935 0 560 950 0.4397423 3
n 642.5 932.5 0 645 935 0 3
n 615 932.5 0 617.5 935 0 3
n 582.5 932.5 0 585 935 0 3
n 555 932.5 0 557.5 935 0 3
n 675 930 0 680 937.5 0 2
n 672.5 930 0 675 932.5 0 2
n 645 930 0 647.5 932.5 0 2
n 612.5 930 0 615 932.5 0 2
n 585 930 0 587.5 932.5 0 2
n 552.5 930 0 555 932.5 0 2
n 525 930 0 527.5 932.5 0 2
n 520 930 0 525 937.5 0 2
n 667.5 925 0 670 927.5 0 2
n 650 925 0 652.5 927.5 0 2
n 607.5 925 0 610 927.5 0 2
n 590 925 0 592.5 927.5 0 2
n 547.5 925 0 550 927.5 0 2
n 530 925 5.960464E-08 532.5 927.5 5.960464E-08 2
n 670 920 0 680 930 0 2
n 660 920 0 670 925 0 2
n 530 920 0 550 925 0 2
n 520 920 0 530 930 5.960464E-08 2
n 642.5 912.5 -2.045349 645 932.5 0.8436959 2
n 640 912.5 -2.045349 642.5 935 0.5870392 3
n 617.5 912.5 -2.045349 620 935 0.8436908 3
n 615 912.5 -2.045349 617.5 932.5 6.67572E-06 2
n 582.5 912.5 -2.045349 585 932.5 0.8436915 2
n 580 912.5 -2.045349 582.5 935 0.5870391 3
n 557.5 912.5 -2.045349 560 935 0.8436933 3
n 555 912.5 -2.045343 557.5 932.5 5.00679E-06 2
n 640 865 -2.045349 645 912.5 -1.756979 3
n 615 865 -2.045349 620 912.5 -1.647841 3
n 580 865 -2.045349 585 912.5 -1.756975 3
n 555 865 -2.045349 560 912.5 -1.647835 3
n 642.5 815 -2.045349 645 865 -1.321728 2
n 640 815 -2.045349 642.5 865 -1.54746 3
n 617.5 815 -2.045349 620 865 -1.321733 3
n 615 815 -2.045349 617.5 865 -2.045347 2
n 582.5 815 -2.045349 585 865 -1.321732 2
n 580 815 -2.045349 582.5 865 -1.547461 3
n 557.5 815 -2.045349 560 865 -1.321731 3
n 555 815 -2.045343 557.5 865 -2.045343 2
n 640 770 -2.045349 645 815 -1.756978 3
n 615 770 -2.045349 620 815 -1.647842 3
n 580 770 -2.045349 585 815 -1.756977 3
n 555 770 -2.045349 560 815 -1.647836 3
n 642.5 767.5 -2.045342 645 770 -2.045342 3
n 615 767.5 -2.045346 617.5 770 -2.045346 3
n 582.5 767.5 -2.045345 585 770 -2.045345 3
n 555 767.5 -2.04534 557.5 770 -2.04534 3
n 615 765 3.993511E-06 617.5 767.5 3.993511E-06 2
n 610 765 0 615 930 1.734495E-05 2
n 555 765 9.477139E-06 557.5 767.5 9.477139E-06 2
n 550 765 0 555 930 4.947186E-06 2
n 660 760 0 680 920 5.960464E-08 2
n 650 760 0 660 925 5.960464E-08 2
n 520 760 0 550 920 5.960464E-08 2
n 650 755 0 670 760 5.960464E-08 2
n 590 755 0 610 925 1.192093E-07 2
n 530 755 0 550 760 5.960464E-08 2
n 667.5 752.5 5.960464E-08 670 755 5.960464E-08 2
n 650 752.5 0 652.5 755 0 2
n 607.5 752.5 0 610 755 0 2
n 590 752.5 0 592.5 755 0 2
n 547.5 752.5 0 550 755 0 2
n 530 752.5 5.960464E-08 532.5 755 5.960464E-08 2
n 670 750 0 680 760 5.960464E-08 2
n 645 750 -2.045349 650 930 9.953976E-06 2
n 642.5 750 0 645 767.5 0.8436942 2
n 610 750 0 617.5 765 5.960464E-08 2
n 585 750 -2.045349 590 930 6.67572E-06 2
n 550 750 0 557.5 765 0.8436889 2
n 520 750 0 530 760 5.960464E-08 2
n 672.5 747.5 5.960464E-08 675 750 5.960464E-08 2
n 642.5 747.5 5.960464E-08 647.5 750 3.814697E-06 2
n 640 747.5 -2.045345 642.5 770 0.5870374 3
n 617.5 747.5 -2.045345 620 770 0.8436889 3
n 612.5 747.5 5.960464E-08 617.5 750 1.311302E-06 2
n 585 747.5 1.311302E-06 587.5 750 1.311302E-06 2
n 582.5 747.5 0 585 767.5 0.8436897 2
n 580 747.5 -2.045345 582.5 770 0.5870374 3
n 557.5 747.5 -2.045344 560 770 0.8436889 3
n 552.5 747.5 5.960464E-08 557.5 750 2.622604E-06 2
n 525 747.5 5.960464E-08 527.5 750 5.960464E-08 2
n 520 745 5.960464E-08 525 750 5.960464E-08 2
n 522.5 742.5 5.960464E-08 525 745 5.960464E-08 2
n 520 740 5.960464E-08 522.5 745 5.960464E-08 2
n 480 740 -5.960464E-08 520 940 5.960464E-08 2
n 517.5 737.5 5.960464E-08 520 740 5.960464E-08 2
n 675 735 0 680 750 5.960464E-08 2
n 675 732.5 5.960464E-08 677.5 735 5.960464E-08 2
n 677.5 730 5.960464E-08 680 735 5.960464E-08 2
n 645 730 5.960464E-08 647.5 732.5 5.960464E-08 3
n 640 730 0 645 747.5 0.4201408 3
n 615 730 0 620 747.5 0.4201382 3
n 612.5 730 0 615 732.5 0 3
n 585 730 0 587.5 732.5 0 3
n 580 730 0 585 747.5 0.4201395 3
n 555 730 0 560 747.5 0.4241925 3
n 552.5 730 0 555 732.5 0 3
n 665 725 0 672.5 727.5 0 3
n 650 725 0 652.5 727.5 0 3
n 607.5 725 0 610 727.5 0 3
n 590 725 0 592.5 727.5 0 3
n 547.5 725 0 550 727.5 0 3
n 680 720 -5.960464E-08 720 960 5.960464E-08 2
n 672.5 720 0 675 725 0 2
n 650 720 -5.960464E-08 672.5 725 0 3
n 640 720 -5.960464E-08 650 730 5.960464E-08 3
n 620 720 -2.045349 640 960 0.5870408 3
n 610 720 0 620 730 5.960464E-08 3
n 590 720 -5.960464E-08 610 725 0 3
n 580 720 0 590 730 5.960464E-08 3
n 560 720 -2.045349 580 960 0.5870392 3
n 550 720 0 560 730 0 3
n 535 720 0 550 725 5.960464E-08 3
n 527.5 720 0 535 727.5 5.960464E-08 3
n 480 720 0 517.5 740 5.960464E-08 2
g 480 0 0 720 240 0 154952
n 480 0 0 720 240 0 2
g 720 480 0 960 720 0 154952
n 720 480 0 960 720 0 2
g 720 240 0 960 480 0 154038
n 720 440 0 760 480 1.192093E-07 2
n 740 430 1.192093E-07 742.5 432.5 1.192093E-07 3
n 755 425 1.192093E-07 760 440 1.192093E-07 2
n 760 420 0 800 480 1.192093E-07 2
n 760 415 1.192093E-07 765 420 1.192093E-07 2
n 757.5 415 1.192093E-07 760 425 1.192093E-07 2
n 762.5 412.5 1.192093E-07 765 415 1.192093E-07 2
n 745 412.5 1.192093E-07 747.5 427.5 2.980232E-06 3
n 765 410 1.192093E-07 770 420 1.192093E-07 2
n 740 410 0 745 430 1.192093E-07 3
n 767.5 407.5 1.192093E-07 770 410 1.192093E-07 2
n 740 407.5 0 742.5 410 0 3
n 767.5 390 1.192093E-07 770 392.5 1.192093E-07 2
n 740 390 1.192093E-07 742.5 392.5 1.192093E-07 3
n 765 385 1.192093E-07 770 390 1.192093E-07 2
n 762.5 385 1.192093E-07 765 387.5 1.192093E-07 2
n 745 385 1.549721E-06 747.5 387.5 1.549721E-06 3
n 740 385 0 745 390 1.192093E-07 3
n 770 380 1.192093E-07 800 420 1.192093E-07 2
n 760 380 1.192093E-07 770 385 1.192093E-07 2
n 760 340 0 800 380 1.192093E-07 2
n 755 340 1.192093E-07 760 385 1.192093E-07 2
n 740 340 0 750 385 1.192093E-07 3
n 755 335 1.192093E-07 765 340 1.192093E-07 2
n 745 335 1.192093E-07 750 340 0.2658532 3
n 762.5 332.5 1.192093E-07 765 335 1.192093E-07 2
n 745 332.5 1.192093E-07 747.5 335 1.192093E-07 3
n 765 330 1.192093E-07 770 340 1.192093E-07 2
n 740 330 0 745 340 1.192093E-07 3
n 767.5 327.5 1.192093E-07 770 330 1.192093E-07 2
n 740 327.5 1.192093E-07 742.5 330 1.192093E-07 3
n 767.5 310 1.192093E-07 770 312.5 1.192093E-07 2
n 740 310 0 742.5 312.5 0 3
n 765 305 1.192093E-07 770 310 1.192093E-07 2
n 762.5 305 1.192093E-07 765 307.5 1.192093E-07 2
n 770 300 0 800 340 1.192093E-07 2
n 760 300 0 770 305 1.192093E-07 2
n 740 300 0 745 310 1.192093E-07 3
n 720 300 -1.192093E-07 740 432.5 1.192093E-07 3
n 745 292.5 0 747.5 307.5 7.152557E-07 3
n 720 290 0 745 300 1.192093E-07 3
n 720 287.5 0 742.5 290 0 3
n 760 280 1.192093E-07 800 300 1.192093E-07 2
n 755 280 0 760 305 1.192093E-07 2
n 730 270 0 740 280 0 2
n 720 270 0 730 277.5 0 2
n 800 240 0 960 480 2.384186E-07 2
n 740 240 0 800 280 1.192093E-07 2
n 720 240 0 740 270 0 2
g 0 720 0 240 960 0 154952
n 0 720 0 240 960 0 2
g 480 960 0 720 1200 0 154639
n 640 1180 0 720 1200 2.384186E-07 2
n 670 1175 0 680 1180 2.384186E-07 2
n 680 1172.5 0 685 1180 2.384186E-07 2
n 665 1172.5 0 670 1180 2.384186E-07 2
n 685 1170 0 720 1180 2.384186E-07 2
n 640 1170 0 665 1180 2.384186E-07 2
n 687.5 1165 0 720 1170 2.384186E-07 2
n 645 1165 0 662.5 1170 2.384186E-07 2
n 692.5 1162.5 0 720 1165 2.384186E-07 2
n 645 1162.5 0 652.5 1165 0 2
n 640 1160 0 645 1170 2.384186E-07 2
n 600 1160 0 640 1200 2.384186E-07 2
n 630 1157.5 0 635 1160 2.384186E-07 2
n 625 1155 0 630 1160 2.384186E-07 2
n 700 1152.5 0 720 1155 2.384186E-07 2
n 620 1152.5 0 625 1160 2.384186E-07 2
n 600 1150 0 620 1160 2.384186E-07 2
n 687.5 1147.5 2.168698 690 1150 2.168698 3
n 607.5 1147.5 0 612.5 1150 2.384186E-07 2
n 637.5 1145 0 657.5 1147.5 1.404058 3
n 605 1145 0 607.5 1150 0 2
n 600 1142.5 0 605 1150 2.384186E-07 2
n 690 1140 0 720 1152.5 2.168707 3
n 685 1140 1.858074 690 1147.5 2.1687 3
n 682.5 1140 2.168698 685 1142.5 2.168698 3
n 660 1140 1.404058 665 1142.5 2.168698 3
n 635 1140 0 660 1145 1.404058 3
n 627.5 1140 0 635 1142.5 0 3
n 560 1140 0 600 1200 2.384186E-07 2
n 592.5 1137.5 0 597.5 1140 0 2
n 667.5 1135 1.404058 680 1137.5 2.168698 3
n 660 1135 1.404058 667.5 1140 1.974643 3
n 625 1135 0 630 1140 2.384186E-07 3
n 620 1135 2.384186E-07 625 1137.5 2.384186E-07 3
n 585 1135 0 592.5 1140 2.384186E-07 2
n 617.5 1132.5 0 620 1135 0 3
n 587.5 1132.5 2.384186E-07 590 1135 2.384186E-07 2
n 585 1130 2.384186E-07 587.5 1135 2.384186E-07 2
n 560 1130 0 585 1140 2.384186E-07 2
n 602.5 1127.5 0 605 1130 0 3
n 580 1127.5 2.384186E-07 582.5 1130 2.384186E-07 2
n 605 1125 0 610 1132.5 0 3
n 600 1125 0 605 1127.5 0 3
n 575 1125 0 580 1130 2.384186E-07 2
n 592.5 1122.5 0 595 1125 0 3
n 575 1122.5 0 577.5 1125 0 2
n 680 1120 0 720 1140 2.168698 3
n 630 1120 0 660 1140 1.274333 3
n 620 1120 0 630 1135 2.384186E-07 3
n 610 1120 0 620 1132.5 2.384186E-07 3
n 595 1120 0 610 1125 2.384186E-07 3
n 590 1120 0 595 1122.5 2.384186E-07 3
n 560 1120 0 575 1130 2.384186E-07 2
n 480 1120 -2.384186E-07 560 1200 2.384186E-07 2
n 570 1117.5 2.384186E-07 572.5 1120 2.384186E-07 2
n 587.5 1115 2.384186E-07 590 1120 2.384186E-07 3
n 565 1115 2.384186E-07 570 1120 2.384186E-07 2
n 565 1112.5 2.384186E-07 567.5 1115 2.384186E-07 2
n 680 1110 0 710 1120 2.384186E-07 3
n 590 1110 0 600 1120 2.384186E-07 3
n 585 1110 0 590 1115 2.384186E-07 3
n 577.5 1110 0 585 1112.5 2.384186E-07 3
n 550 1110 0 565 1120 2.384186E-07 2
n 560 1107.5 2.384186E-07 562.5 1110 2.384186E-07 2
n 695 1105 0 705 1110 2.384186E-07 3
n 555 1105 2.384186E-07 560 1110 2.384186E-07 2
n 555 1102.5 2.384186E-07 557.5 1105 2.384186E-07 2
n 600 1100 0 660 1120 2.384186E-07 3
n 575 1100 0 600 1110 2.384186E-07 3
n 572.5 1100 2.384186E-07 575 1107.5 2.384186E-07 3
n 550 1100 0 555 1110 2.384186E-07 2
n 630 1097.5 5.00679E-06 650 1100 5.00679E-06 3
n 590 1097.5 4.768372E-06 610 1100 5.00679E-06 3
n 705 1095 0 710 1110 2.384186E-07 3
n 650 1095 5.00679E-06 655 1100 0.4005821 3
n 625 1095 2.384186E-07 630 1100 0.4005793 3
n 610 1095 5.00679E-06 615 1100 0.400582 3
n 585 1095 0 590 1100 0.400578 3
n 550 1095 0 552.5 1100 2.384186E-07 2
n 652.5 1092.5 0.4005795 655 1095 0.4005795 3
n 627.5 1092.5 0.4005795 630 1095 0.4005795 2
n 625 1092.5 0.4005769 627.5 1095 0.4005769 3
n 612.5 1092.5 0.4005796 615 1095 0.4005796 3
n 610 1092.5 0.4005796 612.5 1095 0.4005796 2
n 587.5 1092.5 0.4005796 590 1095 0.4005796 2
n 585 1092.5 0.4005755 587.5 1095 0.4005755 3
n 562.5 1092.5 2.384186E-07 565 1095 2.384186E-07 3
n 695 1090 0 710 1095 0 3
n 680 1090 0 695 1110 2.384186E-07 3
n 655 1090 0 660 1100 0.4005845 3
n 652.5 1090 0.4005769 655 1092.5 0.4005769 2
n 650 1090 0 652.5 1095 0.4005768 2
n 630 1090 0 640 1097.5 0.4005818 2
n 625 1090 0.4005793 630 1092.5 0.4005795 2
n 615 1090 0 625 1100 0.400582 3
n 610 1090 2.622604E-06 615 1092.5 0.4005796 2
n 585 1090 0.4005783 590 1092.5 0.4005796 2
n 570 1090 0 585 1100 3.814697E-06 3
n 565 1090 2.384186E-07 570 1097.5 2.384186E-07 3
n 560 1090 2.384186E-07 565 1092.5 2.384186E-07 3
n 540 1090 0 550 1120 2.384186E-07 2
n 545 1087.5 2.384186E-07 547.5 1090 2.384186E-07 2
n 540 1085 2.384186E-07 545 1090 2.384186E-07 2
n 557.5 1082.5 2.384186E-07 560 1085 2.384186E-07 3
n 542.5 1082.5 0 545 1085 0 2
n 610 1080 0 640 1090 0.400582 2
n 600 1080 0 610 1097.5 0.400582 2
n 520 1080 0 540 1120 2.384186E-07 2
n 625 1077.5 0 627.5 1080 0 2
n 612.5 1077.5 0 615 1080 0 2
n 540 1077.5 2.384186E-07 542.5 1085 2.384186E-07 2
n 627.5 1075 0 640 1080 0 2
n 600 1075 0 612.5 1080 2.384186E-07 2
n 535 1075 2.384186E-07 540 1080 2.384186E-07 2
n 630 1072.5 0 632.5 1075 0 2
n 607.5 1072.5 0 610 1075 0 2
n 537.5 1072.5 2.384186E-07 540 1075 2.384186E-07 2
n 680 1070 0 710 1090 2.384186E-07 3
n 657.5 1070 0.4005792 660 1090 0.4005821 3
n 650 1070 0 657.5 1090 0.4005796 2
n 632.5 1070 0 640 1075 2.384186E-07 2
n 600 1070 0 607.5 1075 2.384186E-07 2
n 582.5 1070 1.430511E-06 590 1090 0.400582 2
n 580 1070 0 582.5 1090 2.384186E-07 3
n 652.5 1067.5 0.4005793 655 1070 0.4005793 2
n 635 1067.5 2.384186E-07 637.5 1070 2.384186E-07 2
n 602.5 1067.5 2.384186E-07 605 1070 2.384186E-07 2
n 585 1067.5 0.4005769 587.5 1070 0.4005769 2
n 552.5 1067.5 2.384186E-07 555 1080 2.384186E-07 3
n 535 1067.5 2.384186E-07 537.5 1075 2.384186E-07 2
n 695 1065 0 705 1070 2.384186E-07 3
n 652.5 1065 0.4005793 655 1067.5 0.4005793 3
n 650 1065 0.4005792 652.5 1070 0.4005796 2
n 637.5 1065 0 640 1070 2.384186E-07 2
n 600 1065 4.768372E-06 602.5 1070 0.4005804 2
n 587.5 1065 0.4005783 590 1070 0.4005796 2
n 585 1065 2.622604E-06 587.5 1067.5 2.622604E-06 3
n 555 1065 0 560 1082.5 2.384186E-07 3
n 550 1065 2.384186E-07 555 1067.5 2.384186E-07 3
n 530 1065 0 535 1080 2.384186E-07 2
n 547.5 1062.5 2.384186E-07 550 1065 2.384186E-07 3
n 532.5 1062.5 2.384186E-07 535 1065 2.384186E-07 2
n 530 1057.5 0 532.5 1065 2.384186E-07 2
n 705 1055 0 710 1070 2.384186E-07 3
n 650 1055 2.622604E-06 655 1065 0.4005845 3
n 585 1055 2.384186E-07 590 1065 0.400578 3
n 652.5 1052.5 0.4005793 655 1055 0.4005793 3
n 650 1052.5 0.4005768 652.5 1055 0.4005768 2
n 637.5 1052.5 0 640 1055 0 2
n 600 1052.5 2.384186E-07 602.5 1055 2.384186E-07 2
n 587.5 1052.5 0.4005796 590 1055 0.4005796 2
n 585 1052.5 0.400578 587.5 1055 0.400578 3
n 710 1050 0 720 1120 2.384186E-07 3
n 695 1050 0 710 1055 0 3
n 680 1050 0 695 1070 2.384186E-07 3
n 655 1050 0 660 1070 0.400582 3
n 650 1050 1.192093E-06 655 1052.5 0.4005783 2
n 600 1050 0 605 1052.5 2.384186E-07 2
n 590 1050 0 600 1097.5 0.400583 2
n 585 1050 0.4005769 590 1052.5 0.4005796 2
n 580 1050 0 585 1070 2.384186E-06 3
n 520 1050 0 530 1080 2.384186E-07 2
n 632.5 1047.5 2.384186E-07 635 1050 2.384186E-07 2
n 605 1047.5 2.384186E-07 607.5 1050 2.384186E-07 2
n 542.5 1047.5 0 545 1060 2.384186E-07 3
n 627.5 1042.5 0 630 1045 0 2
n 610 1042.5 0 612.5 1045 0 2
n 537.5 1042.5 2.384186E-07 540 1045 2.384186E-07 3
n 525 1042.5 2.384186E-07 527.5 1050 2.384186E-07 2
n 640 1040 0 650 1097.5 0.400582 2
n 635 1040 0 640 1052.5 2.384186E-07 2
n 630 1040 0 635 1047.5 2.384186E-07 2
n 625 1040 0 630 1042.5 4.768372E-06 2
n 610 1040 0 615 1042.5 0 2
n 605 1040 0 610 1047.5 2.384186E-07 2
n 590 1040 0 605 1050 1.192093E-06 2
n 560 1040 0 580 1090 2.384186E-07 3
n 550 1040 0 560 1065 2.384186E-07 3
n 545 1040 2.384186E-07 550 1062.5 2.384186E-07 3
n 540 1040 2.384186E-07 545 1047.5 2.384186E-07 3
n 520 1035 0 525 1050 2.384186E-07 2
n 657.5 1030 2.384186E-06 660 1050 0.400583 3
n 650 1030 0 657.5 1050 0.4005829 2
n 610 1030 0 630 1040 0.4005829 2
n 582.5 1030 1.192093E-06 590 1050 0.4005805 2
n 580 1030 0 582.5 1050 2.384186E-07 3
n 652.5 1027.5 0.4005793 655 1030 0.4005793 2
n 625 1027.5 0.4005796 627.5 1030 0.4005796 2
n 612.5 1027.5 0.4005793 615 1030 0.4005793 2
n 585 1027.5 0.4005783 587.5 1030 0.4005783 2
n 655 1025 0 660 1030 0.400582 3
n 652.5 1025 0.4005793 655 1027.5 0.4005793 3
n 650 1025 0.4005796 652.5 1030 0.4005806 2
n 627.5 1025 0.4005775 630 1030 0.4005793 2
n 625 1025 7.152557E-07 627.5 1027.5 7.152557E-07 3
n 615 1025 0 625 1030 0.4005796 3
n 612.5 1025 0.4005787 615 1027.5 0.4005787 3
n 610 1025 0.4005796 612.5 1030 0.4005805 2
n 587.5 1025 0.4005789 590 1030 0.4005796 2
n 585 1025 1.430511E-06 587.5 1027.5 1.430511E-06 3
n 580 1025 2.384186E-07 585 1030 1.430511E-06 3
n 535 1025 0 540 1042.5 1.404063 3
n 520 1025 2.384186E-07 522.5 1035 8.583069E-06 2
n 630 1022.5 0 650 1040 0.400583 2
n 590 1022.5 0 610 1040 0.4005816 2
n 680 1020 0 720 1050 2.384186E-07 3
n 660 1020 0 680 1135 1.40406 3
n 650 1020 0 660 1025 0.4005793 3
n 630 1020 0 650 1022.5 2.384186E-07 3
n 610 1020 0 630 1025 0.4005755 3
n 590 1020 0 610 1022.5 2.384186E-07 3
n 580 1020 0 590 1025 2.384186E-07 3
n 540 1020 0 580 1040 1.404065 3
n 532.5 1020 1.404061 540 1025 2.168701 3
n 480 1020 -2.384186E-07 520 1120 2.384186E-07 2
n 535 1017.5 2.168698 537.5 1020 2.168698 3
n 512.5 1017.5 2.384186E-07 515 1020 2.384186E-07 2
n 537.5 1015 1.404058 550 1020 2.168701 3
n 505 1015 0 512.5 1020 2.384186E-07 2
n 540 1012.5 2.168698 542.5 1015 2.168698 3
n 507.5 1012.5 0 510 1015 0 2
n 680 1010 0 710 1020 2.384186E-07 3
n 710 1007.5 0 720 1020 2.384186E-07 3
n 685 1005 0 710 1010 2.384186E-07 3
n 685 1002.5 2.384186E-07 687.5 1005 2.384186E-07 3
n 680 1000 0 685 1010 0 3
n 550 1000 0 680 1020 1.404067 3
n 542.5 1000 1.404058 550 1015 2.168699 3
n 505 1000 2.384186E-07 507.5 1015 2.384186E-07 2
n 480 1000 -2.384186E-07 505 1020 2.384186E-07 2
n 680 997.5 0 682.5 1000 0 3
n 687.5 995 0 690 997.5 0 2
n 675 995 0 680 1000 0 3
n 537.5 995 2.168698 540 997.5 2.168698 3
n 510 995 0 512.5 997.5 0 2
n 675 992.5 0 677.5 995 0 3
n 710 990 0 720 997.5 0 2
n 690 990 0 710 1000 2.384186E-07 2
n 685 990 0 690 995 0 2
n 682.5 990 0 685 992.5 0 2
n 610 990 0 630 1000 2.384186E-07 3
n 570 990 0 590 1000 2.384186E-07 3
n 515 990 2.384186E-07 517.5 992.5 2.384186E-07 2
n 510 990 0 515 995 2.384186E-07 2
n 615 985 0 625 990 0 3
n 575 985 2.384186E-07 585 990 2.384186E-07 3
n 527.5 985 1.404058 530 995 2.1687 3
n 670 980 0 675 1000 2.384186E-07 3
n 510 980 0 517.5 990 2.384186E-07 2
n 480 980 -2.384186E-07 510 1000 2.384186E-07 2
n 625 975 0 630 990 0 3
n 610 975 0 615 990 2.384186E-07 3
n 585 975 0 590 990 2.384186E-07 3
n 570 975 0 575 990 2.384186E-07 3
n 680 960 0 720 990 2.384186E-07 2
n 672.5 960 0 675 980 2.384186E-07 2
n 670 960 0 672.5 980 0 3
n 630 960 0 670 1000 2.384186E-07 3
n 610 960 0 630 975 2.384186E-07 3
n 590 960 0 610 1000 2.384186E-07 3
n 570 960 0 590 975 2.384186E-07 3
n 540 960 0 570 1000 2.168698 3
n 530 960 0 540 995 2.168699 3
n 527.5 960 0 530 975 0 3
n 480 960 0 517.5 980 2.384186E-07 2
g 240 960 0 480 1200 0 154952
n 240 960 0 480 1200 0 2
g 720 960 0 960 1200 0 152610
n 820 1190 0 860 1200 0.5489967 3
n 767.5 1190 0 780 1200 2.384186E-07 3
n 850 1187.5 2.384186E-07 852.5 1190 2.384186E-07 3
n 827.5 1187.5 2.384186E-07 830 1190 2.384186E-07 3
n 852.5 1185 0 860 1190 8.106232E-06 3
n 850 1185 2.384186E-07 852.5 1187.5 2.384186E-07 2
n 827.5 1185 0 830 1187.5 0 2
n 820 1185 0 827.5 1190 8.34465E-06 3
n 855 1182.5 3.814697E-06 857.5 1185 3.814697E-06 3
n 822.5 1182.5 0.6657618 825 1185 0.6657618 3
n 880 1180 0 912.5 1200 1.41618 3
n 857.5 1180 0.6657577 860 1185 0.6657617 3
n 855 1180 2.384186E-07 857.5 1182.5 2.384186E-07 2
n 850 1180 0 855 1185 2.384186E-07 2
n 830 1180 0 850 1190 2.384186E-07 2
n 825 1180 2.384186E-07 830 1185 4.053116E-06 2
n 822.5 1180 0.6657577 825 1182.5 0.6657577 2
n 820 1180 0.6657577 822.5 1185 0.6657618 3
n 720 1180 0 760 1200 2.384186E-07 2
n 905 1175 1.404068 912.5 1180 2.176092 3
n 912.5 1172.5 0 915 1200 2.176092 2
n 907.5 1172.5 2.168698 912.5 1175 2.168698 3
n 922.5 1170 0 930 1200 2.384186E-07 2
n 905 1170 2.168698 907.5 1175 2.168698 3
n 890 1170 2.384186E-07 905 1180 2.176092 3
n 750 1170 0 760 1180 2.384186E-07 2
n 925 1167.5 0 927.5 1170 0 2
n 895 1167.5 2.168707 897.5 1170 2.168707 3
n 755 1167.5 2.384186E-07 757.5 1170 2.384186E-07 2
n 927.5 1165 2.384186E-07 930 1170 2.384186E-07 2
n 890 1165 1.404058 895 1170 2.168707 3
n 750 1165 0 755 1170 2.384186E-07 2
n 762.5 1162.5 0 765 1165 0 3
n 750 1162.5 0 752.5 1165 0 2
n 820 1160 0 860 1180 0.6657659 2
n 780 1160 0 820 1200 8.106232E-06 3
n 765 1160 0 780 1190 1.843521 3
n 760 1160 0 765 1162.5 0 3
n 720 1160 0 750 1180 2.384186E-07 2
n 857.5 1157.5 0.6657577 860 1160 0.6657577 3
n 855 1157.5 0 857.5 1160 0 2
n 822.5 1157.5 0.6657577 825 1160 0.6657577 2
n 820 1157.5 0.6657577 822.5 1160 0.6657577 3
n 757.5 1157.5 0 760 1160 0 3
n 850 1155 0 855 1160 2.384186E-07 2
n 825 1155 2.384186E-07 830 1160 2.384186E-07 2
n 820 1155 2.384186E-07 825 1157.5 2.384186E-07 3
n 755 1155 2.384186E-07 760 1157.5 2.384186E-07 3
n 852.5 1152.5 2.384186E-07 855 1155 2.384186E-07 3
n 850 1152.5 2.384186E-07 852.5 1155 2.384186E-07 2
n 827.5 1152.5 2.384186E-07 830 1155 2.384186E-07 2
n 720 1152.5 0 740 1155 0.2426523 2
n 927.5 1150 2.384186E-07 930 1152.5 2.384186E-07 2
n 890 1150 1.404058 892.5 1165 1.404058 3
n 855 1150 2.384186E-07 860 1157.5 2.384186E-07 3
n 850 1150 0 855 1152.5 2.384186E-07 3
n 830 1150 2.384186E-07 850 1160 0.5489931 2
n 827.5 1150 2.384186E-07 830 1152.5 2.384186E-07 3
n 820 1150 0 827.5 1155 2.384186E-07 3
n 925 1145 0 930 1150 2.384186E-07 2
n 922.5 1145 2.384186E-07 925 1147.5 2.384186E-07 2
n 895 1145 1.404058 897.5 1147.5 1.404058 3
n 890 1145 0.6824119 895 1150 1.404058 3
n 930 1140 0 960 1200 2.384186E-07 2
n 920 1140 2.384186E-07 930 1145 2.384186E-07 2
n 900 1140 1.404059 902.5 1142.5 1.404059 3
n 860 1140 0 880 1200 0.6657699 3
n 850 1140 0 860 1150 2.384186E-07 3
n 760 1140 0 820 1160 0.5489933 3
n 740 1140 0 760 1155 0.5210165 3
n 720 1140 0 740 1152.5 2.384186E-07 3
n 810 1137.5 2.384186E-07 812.5 1140 2.384186E-07 3
n 787.5 1137.5 2.384186E-07 790 1140 2.384186E-07 3
n 900 1135 0 905 1140 1.416163 3
n 850 1135 0 880 1140 0.5489949 3
n 812.5 1135 0 820 1140 2.384186E-07 3
n 810 1135 0 812.5 1137.5 0 2
n 787.5 1135 0 790 1137.5 0 2
n 780 1135 0 787.5 1140 2.384186E-07 3
n 902.5 1132.5 2.384186E-07 905 1135 2.384186E-07 3
n 875 1132.5 2.384186E-07 877.5 1135 2.384186E-07 3
n 852.5 1132.5 0 855 1135 0 3
n 815 1132.5 2.384186E-07 817.5 1135 2.384186E-07 3
n 782.5 1132.5 2.384186E-07 785 1135 2.384186E-07 3
n 917.5 1130 2.384186E-07 920 1140 2.384186E-07 2
n 880 1130 0 890 1180 1.404058 3
n 877.5 1130 2.384186E-07 880 1135 2.384186E-07 3
n 875 1130 2.384186E-07 877.5 1132.5 2.384186E-07 2
n 855 1130 0 875 1135 2.384186E-07 2
n 852.5 1130 2.384186E-07 855 1132.5 2.384186E-07 2
n 850 1130 0 852.5 1135 2.384186E-07 3
n 840 1130 0 850 1150 6.198883E-06 3
n 817.5 1130 2.384186E-07 820 1135 2.384186E-07 3
n 815 1130 2.384186E-07 817.5 1132.5 2.384186E-07 2
n 810 1130 2.384186E-07 815 1135 2.384186E-07 2
n 790 1130 0 810 1140 2.384186E-07 2
n 785 1130 2.384186E-07 790 1135 2.384186E-07 2
n 782.5 1130 2.384186E-07 785 1132.5 2.384186E-07 2
n 780 1130 2.384186E-07 782.5 1135 2.384186E-07 3
n 880 1127.5 4.053116E-06 882.5 1130 4.053116E-06 3
n 847.5 1127.5 0.6657639 850 1130 0.6657639 3
n 797.5 1127.5 2.384186E-07 802.5 1130 2.384186E-07 2
n 882.5 1125 0.6657577 885 1130 0.6657618 3
n 880 1125 2.384186E-07 882.5 1127.5 2.384186E-07 2
n 847.5 1125 0.6657597 850 1127.5 0.6657597 2
n 845 1125 0.6657577 847.5 1130 0.6657618 3
n 802.5 1125 2.384186E-07 810 1130 2.384186E-07 2
n 790 1125 2.384186E-07 797.5 1130 2.384186E-07 2
n 805 1122.5 2.384186E-07 807.5 1125 2.384186E-07 2
n 792.5 1122.5 2.384186E-07 795 1125 2.384186E-07 2
n 890 1120 0 900 1145 1.404058 3
n 900 1117.5 2.384186E-07 902.5 1135 2.384186E-07 3
n 807.5 1117.5 0 810 1125 2.384186E-07 2
n 790 1117.5 0 792.5 1125 2.384186E-07 2
n 915 1115 2.384186E-07 920 1130 2.384186E-07 2
n 912.5 1115 0 915 1122.5 2.384186E-07 2
n 895 1115 2.384186E-07 900 1120 2.384186E-07 3
n 790 1115 2.384186E-07 795 1117.5 2.384186E-07 2
n 802.5 1112.5 2.384186E-07 805 1115 2.384186E-07 2
n 810 1110 0 820 1130 6.67572E-06 2
n 805 1110 0 810 1117.5 2.384186E-07 2
n 797.5 1110 0 805 1112.5 0 2
n 790 1110 0 797.5 1115 2.384186E-07 2
n 780 1110 0 790 1130 0.5489955 2
n 895 1107.5 2.384186E-07 897.5 1115 2.384186E-07 3
n 817.5 1107.5 2.384186E-07 820 1110 2.384186E-07 3
n 815 1107.5 2.384186E-07 817.5 1110 2.384186E-07 2
n 782.5 1107.5 2.384186E-07 785 1110 2.384186E-07 2
n 780 1107.5 2.384186E-07 782.5 1110 2.384186E-07 3
n 907.5 1105 2.384186E-07 910 1107.5 2.384186E-07 2
n 890 1105 0 895 1120 2.384186E-07 3
n 880 1105 0 885 1125 0.6657618 2
n 845 1105 0 850 1125 0.6657639 2
n 840 1105 2.384186E-07 845 1130 2.145767E-06 3
n 810 1105 2.384186E-07 815 1110 2.384186E-07 2
n 785 1105 2.384186E-07 790 1110 2.384186E-07 2
n 890 1102.5 2.384186E-07 892.5 1105 2.384186E-07 3
n 882.5 1102.5 0.6657577 885 1105 0.6657577 3
n 880 1102.5 2.384186E-07 882.5 1105 2.384186E-07 2
n 847.5 1102.5 0.6657597 850 1105 0.6657597 2
n 812.5 1102.5 2.384186E-07 815 1105 2.384186E-07 3
n 810 1102.5 2.384186E-07 812.5 1105 2.384186E-07 2
n 787.5 1102.5 2.384186E-07 790 1105 2.384186E-07 2
n 785 1102.5 2.384186E-07 787.5 1105 2.384186E-07 3
n 885 1100 0 890 1130 0.6657659 3
n 880 1100 2.384186E-07 885 1102.5 2.384186E-07 3
n 850 1100 0 880 1130 4.291534E-06 2
n 847.5 1100 2.384186E-07 850 1102.5 2.384186E-07 3
n 840 1100 2.384186E-07 847.5 1105 0.6657577 3
n 815 1100 2.384186E-07 820 1107.5 2.384186E-07 3
n 810 1100 2.384186E-07 815 1102.5 2.384186E-07 3
n 790 1100 2.384186E-07 810 1110 0.5489933 2
n 785 1100 2.384186E-07 790 1102.5 2.384186E-07 3
n 780 1100 2.384186E-07 785 1107.5 2.384186E-07 3
n 720 1100 0 780 1140 0.6657637 3
n 877.5 1097.5 0 880 1100 0 3
n 875 1097.5 2.384186E-07 877.5 1100 2.384186E-07 2
n 852.5 1097.5 0 855 1100 0 2
n 850 1097.5 2.384186E-07 852.5 1100 2.384186E-07 3
n 760 1097.5 0.6657597 762.5 1100 0.6657597 3
n 737.5 1097.5 0.6657581 740 1100 0.6657581 3
n 875 1095 2.384186E-07 880 1097.5 2.384186E-07 3
n 855 1095 0 875 1100 0.5489916 2
n 762.5 1095 0 770 1100 0.6657578 3
n 760 1095 2.384186E-07 762.5 1097.5 2.384186E-07 2
n 737.5 1095 0 740 1097.5 0 2
n 730 1095 0 737.5 1100 2.384186E-06 3
n 902.5 1092.5 2.384186E-07 905 1097.5 2.384186E-07 2
n 765 1092.5 2.384186E-07 767.5 1095 2.384186E-07 3
n 732.5 1092.5 2.384186E-07 735 1095 2.384186E-07 3
n 910 1090 0 920 1115 2.384186E-07 2
n 905 1090 0 910 1105 2.384186E-07 2
n 900 1090 2.384186E-07 905 1092.5 2.384186E-07 2
n 880 1090 0 890 1100 2.384186E-07 3
n 855 1090 2.384186E-07 860 1095 2.384186E-07 3
n 850 1090 0 855 1097.5 2.384186E-07 3
n 840 1090 0 850 1100 2.384186E-07 3
n 767.5 1090 2.384186E-07 770 1095 2.384186E-07 3
n 765 1090 2.384186E-07 767.5 1092.5 2.384186E-07 2
n 760 1090 2.384186E-07 765 1095 2.384186E-07 2
n 735 1090 2.384186E-07 740 1095 2.384186E-07 2
n 732.5 1090 2.384186E-07 735 1092.5 2.384186E-07 2
n 730 1090 0 732.5 1095 0 3
n 885 1087.5 2.384186E-07 887.5 1090 2.384186E-07 3
n 897.5 1085 2.384186E-07 900 1087.5 2.384186E-07 2
n 880 1085 2.384186E-07 885 1090 2.384186E-07 3
n 880 1082.5 2.384186E-07 882.5 1085 2.384186E-07 3
n 895 1080 2.384186E-07 900 1085 2.384186E-07 2
n 870 1080 2.384186E-07 880 1095 2.384186E-07 3
n 770 1080 0 820 1100 0.5489924 3
n 892.5 1075 2.384186E-07 900 1080 2.384186E-07 2
n 875 1075 2.384186E-07 880 1080 2.384186E-07 3
n 790 1075 2.384186E-07 820 1080 0.6657636 3
n 877.5 1072.5 2.384186E-07 880 1075 2.384186E-07 3
n 815 1072.5 0.6657575 817.5 1075 0.6657575 3
n 792.5 1072.5 0.6657578 795 1075 0.6657578 3
n 875 1070 2.384186E-07 877.5 1075 2.384186E-07 3
n 860 1070 0 870 1095 2.384186E-07 3
n 820 1070 0 840 1150 0.5489964 3
n 817.5 1070 2.384186E-07 820 1075 0.6657578 3
n 815 1070 2.384186E-07 817.5 1072.5 2.384186E-07 2
n 795 1070 2.384186E-07 815 1075 0.6657598 2
n 792.5 1070 0 795 1072.5 0 2
n 790 1070 2.384186E-07 792.5 1075 2.384186E-07 3
n 770 1070 2.384186E-07 790 1080 0.5489891 3
n 760 1070 2.384186E-07 770 1090 4.291534E-06 2
n 730 1070 0 740 1090 0.5489926 2
n 887.5 1067.5 2.384186E-07 890 1070 2.384186E-07 2
n 870 1067.5 2.384186E-07 875 1080 2.384186E-07 3
n 820 1067.5 2.384186E-07 822.5 1070 2.384186E-07 3
n 787.5 1067.5 2.384186E-07 790 1070 2.384186E-07 3
n 767.5 1067.5 2.384186E-07 770 1070 2.384186E-07 3
n 765 1067.5 2.384186E-07 767.5 1070 2.384186E-07 2
n 732.5 1067.5 2.384186E-07 735 1070 2.384186E-07 2
n 730 1067.5 0 732.5 1070 0 3
n 885 1065 2.384186E-07 890 1067.5 2.384186E-07 2
n 865 1065 0 870 1070 2.384186E-07 3
n 822.5 1065 2.384186E-07 825 1070 2.384186E-07 3
n 820 1065 2.384186E-07 822.5 1067.5 2.384186E-07 2
n 787.5 1065 2.384186E-07 790 1067.5 2.384186E-07 2
n 785 1065 2.384186E-07 787.5 1070 2.384186E-07 3
n 760 1065 2.384186E-07 765 1070 4.053116E-06 2
n 735 1065 2.384186E-07 740 1070 2.622604E-06 2
n 762.5 1062.5 0.6657618 765 1065 0.6657618 3
n 760 1062.5 0.6657636 762.5 1065 0.6657636 2
n 737.5 1062.5 0.6657623 740 1065 0.6657623 2
n 735 1062.5 6.437302E-06 737.5 1065 6.437302E-06 3
n 900 1060 0 920 1090 2.384186E-07 2
n 890 1060 2.384186E-07 900 1075 2.384186E-07 2
n 882.5 1060 2.384186E-07 890 1065 2.384186E-07 2
n 860 1060 0 865 1070 2.384186E-07 3
n 840 1060 0 860 1090 2.384186E-07 3
n 770 1060 2.384186E-07 785 1070 2.384186E-07 3
n 765 1060 2.384186E-07 770 1067.5 9.536743E-07 3
n 760 1060 0.6657578 765 1062.5 0.6657598 3
n 740 1060 0 760 1100 0.6657617 2
n 735 1060 2.145767E-06 740 1062.5 0.6657581 3
n 730 1060 0 735 1067.5 2.384186E-07 3
n 720 1060 0 730 1100 5.960464E-06 3
n 865 1057.5 0 867.5 1065 2.384186E-07 3
n 877.5 1055 2.384186E-07 880 1057.5 2.384186E-07 2
n 855 1055 0 865 1060 2.384186E-07 3
n 855 1052.5 2.384186E-07 862.5 1055 2.384186E-07 3
n 875 1050 2.384186E-07 880 1055 2.384186E-07 2
n 872.5 1050 2.384186E-07 875 1052.5 2.384186E-07 2
n 840 1050 0 855 1060 2.384186E-07 3
n 867.5 1045 2.384186E-07 870 1047.5 2.384186E-07 2
n 840 1045 0 852.5 1050 2.384186E-07 3
n 820 1045 0 825 1065 5.00679E-06 2
n 785 1045 0 790 1065 0.5489932 2
n 847.5 1042.5 2.384186E-07 850 1045 2.384186E-07 3
n 822.5 1042.5 2.384186E-07 825 1045 2.384186E-07 3
n 820 1042.5 2.384186E-07 822.5 1045 2.384186E-07 2
n 787.5 1042.5 2.384186E-07 790 1045 2.384186E-07 2
n 920 1040 0 960 1140 2.384186E-07 2
n 880 1040 0 920 1060 2.384186E-07 2
n 870 1040 2.384186E-07 880 1050 2.384186E-07 2
n 865 1040 2.384186E-07 870 1045 2.384186E-07 2
n 862.5 1040 2.384186E-07 865 1042.5 2.384186E-07 2
n 840 1040 2.384186E-07 847.5 1045 2.384186E-07 3
n 825 1040 0 840 1070 0.5489916 3
n 790 1040 0 820 1070 4.291534E-06 2
n 787.5 1040 2.384186E-07 790 1042.5 2.384186E-07 3
n 785 1040 2.384186E-07 787.5 1045 2.384186E-07 3
n 720 1040 0 785 1060 2.384186E-06 3
n 837.5 1037.5 2.384186E-07 840 1040 2.384186E-07 3
n 817.5 1037.5 0.6657598 820 1040 0.6657598 3
n 815 1037.5 0.6657597 817.5 1040 0.6657597 2
n 792.5 1037.5 0.6657597 795 1040 0.6657597 2
n 790 1037.5 2.384186E-07 792.5 1040 2.384186E-07 3
n 857.5 1035 2.384186E-07 860 1037.5 2.384186E-07 2
n 825 1035 2.384186E-07 837.5 1040 2.384186E-07 3
n 820 1035 0 825 1042.5 4.291534E-06 3
n 815 1035 0.6657575 820 1037.5 0.6657577 3
n 795 1035 0 815 1040 0.6657618 2
n 852.5 1032.5 0 855 1035 0 2
n 822.5 1032.5 2.384186E-07 835 1035 2.384186E-07 3
n 855 1030 2.384186E-07 860 1035 2.384186E-07 2
n 850 1030 0 855 1032.5 2.384186E-07 2
n 810 1030 2.384186E-07 822.5 1035 2.384186E-07 3
n 795 1030 2.384186E-07 800 1035 2.384186E-07 3
n 790 1030 0 795 1037.5 0.6657577 3
n 750 1030 0 790 1040 2.1687 3
n 847.5 1027.5 2.384186E-07 850 1030 2.384186E-07 2
n 817.5 1027.5 2.384186E-07 820 1030 2.384186E-07 3
n 755 1027.5 2.168698 765 1030 2.168701 3
n 845 1025 2.384186E-07 850 1027.5 2.384186E-07 2
n 810 1025 2.384186E-07 817.5 1030 2.384186E-07 3
n 765 1025 2.168698 770 1030 2.1687 3
n 750 1025 1.404061 755 1030 2.168704 3
n 812.5 1022.5 2.384186E-07 815 1025 2.384186E-07 3
n 767.5 1022.5 2.168698 770 1025 2.168698 3
n 750 1022.5 2.168698 752.5 1025 2.168698 3
n 860 1020 0 880 1040 2.384186E-07 2
n 850 1020 0 860 1030 2.384186E-07 2
n 840 1020 0 850 1025 2.384186E-07 2
n 832.5 1020 0 840 1022.5 0 2
n 810 1020 0 812.5 1025 2.384186E-07 3
n 800 1020 0 810 1035 2.384186E-07 3
n 720 1020 0 750 1040 2.168703 3
n 800 1017.5 2.384186E-07 802.5 1020 2.384186E-07 3
n 825 1015 2.384186E-07 830 1017.5 2.384186E-07 2
n 770 1015 0 800 1030 2.168701 3
n 817.5 1012.5 2.384186E-07 820 1015 2.384186E-07 2
n 787.5 1012.5 2.384186E-07 792.5 1015 2.384186E-07 3
n 772.5 1012.5 1.404061 780 1015 2.168698 3
n 830 1010 2.384186E-07 840 1020 2.384186E-07 2
n 820 1010 2.384186E-07 830 1015 2.384186E-07 2
n 815 1010 2.384186E-07 820 1012.5 2.384186E-07 2
n 720 1010 0 747.5 1020 2.168698 3
n 807.5 1007.5 2.384186E-07 810 1010 2.384186E-07 2
n 720 1007.5 0 735 1010 2.384186E-07 3
n 800 1005 2.384186E-07 810 1007.5 2.384186E-07 2
n 792.5 1002.5 0 795 1005 0 2
n 840 1000 0 880 1020 2.384186E-07 2
n 810 1000 0 840 1010 2.384186E-07 2
n 795 1000 0 810 1005 0 2
n 782.5 1000 0 795 1002.5 0 2
n 775 995 2.384186E-07 780 1000 2.384186E-07 2
n 772.5 995 2.384186E-07 775 997.5 2.384186E-07 2
n 750 992.5 2.384186E-07 752.5 995 2.384186E-07 2
n 770 990 2.384186E-07 780 995 2.384186E-07 2
n 767.5 990 2.384186E-07 770 992.5 2.384186E-07 2
n 750 990 0 755 992.5 2.384186E-07 2
n 740 990 0 750 997.5 2.384186E-07 2
n 880 960 0 960 1040 2.384186E-07 2
n 780 960 0 880 1000 2.384186E-07 2
n 740 960 0 780 990 2.384186E-07 2
n 720 960 0 740 997.5 2.384186E-07 2
g 720 720 0 960 960 0 154952
n 720 720 0 960 960 0 2
g 720 1200 0 960 1440 0 154639
n 880 1420 0 960 1440 2.384186E-07 2
n 910 1415 0 920 1420 2.384186E-07 2
n 920 1412.5 0 925 1420 2.384186E-07 2
n 905 1412.5 0 910 1420 2.384186E-07 2
n 925 1410 0 960 1420 2.384186E-07 2
n 880 1410 0 905 1420 2.384186E-07 2
n 927.5 1405 0 960 1410 2.384186E-07 2
n 885 1405 0 902.5 1410 2.384186E-07 2
n 932.5 1402.5 0 960 1405 2.384186E-07 2
n 885 1402.5 0 892.5 1405 0 2
n 880 1400 0 885 1410 2.384186E-07 2
n 840 1400 0 880 1440 2.384186E-07 2
n 870 1397.5 0 875 1400 2.384186E-07 2
n 865 1395 0 870 1400 2.384186E-07 2
n 940 1392.5 0 960 1395 2.384186E-07 2
n 860 1392.5 0 865 1400 2.384186E-07 2
n 840 1390 0 860 1400 2.384186E-07 2
n 927.5 1387.5 2.168698 930 1390 2.168698 3
n 847.5 1387.5 0 852.5 1390 2.384186E-07 2
n 877.5 1385 0 897.5 1387.5 1.404058 3
n 845 1385 0 847.5 1390 0 2
n 840 1382.5 0 845 1390 2.384186E-07 2
n 930 1380 0 960 1392.5 2.168707 3
n 925 1380 1.858074 930 1387.5 2.1687 3
n 922.5 1380 2.168698 925 1382.5 2.168698 3
n 900 1380 1.404058 905 1382.5 2.168698 3
n 875 1380 0 900 1385 1.404058 3
n 867.5 1380 0 875 1382.5 0 3
n 800 1380 0 840 1440 2.384186E-07 2
n 832.5 1377.5 0 837.5 1380 0 2
n 907.5 1375 1.404058 920 1377.5 2.168698 3
n 900 1375 1.404058 907.5 1380 1.974643 3
n 865 1375 0 870 1380 2.384186E-07 3
n 860 1375 2.384186E-07 865 1377.5 2.384186E-07 3
n 825 1375 0 832.5 1380 2.384186E-07 2
n 857.5 1372.5 0 860 1375 0 3
n 827.5 1372.5 2.384186E-07 830 1375 2.384186E-07 2
n 825 1370 2.384186E-07 827.5 1375 2.384186E-07 2
n 800 1370 0 825 1380 2.384186E-07 2
n 842.5 1367.5 0 845 1370 0 3
n 820 1367.5 2.384186E-07 822.5 1370 2.384186E-07 2
n 845 1365 0 850 1372.5 0 3
n 840 1365 0 845 1367.5 0 3
n 815 1365 0 820 1370 2.384186E-07 2
n 832.5 1362.5 0 835 1365 0 3
n 815 1362.5 0 817.5 1365 0 2
n 920 1360 0 960 1380 2.168698 3
n 870 1360 0 900 1380 1.274333 3
n 860 1360 0 870 1375 2.384186E-07 3
n 850 1360 0 860 1372.5 2.384186E-07 3
n 835 1360 0 850 1365 2.384186E-07 3
n 830 1360 0 835 1362.5 2.384186E-07 3
n 800 1360 0 815 1370 2.384186E-07 2
n 720 1360 -2.384186E-07 800 1440 2.384186E-07 2
n 810 1357.5 2.384186E-07 812.5 1360 2.384186E-07 2
n 827.5 1355 2.384186E-07 830 1360 2.384186E-07 3
n 805 1355 2.384186E-07 810 1360 2.384186E-07 2
n 805 1352.5 2.384186E-07 807.5 1355 2.384186E-07 2
n 920 1350 0 950 1360 2.384186E-07 3
n 830 1350 0 840 1360 2.384186E-07 3
n 825 1350 0 830 1355 2.384186E-07 3
n 817.5 1350 0 825 1352.5 2.384186E-07 3
n 790 1350 0 805 1360 2.384186E-07 2
n 800 1347.5 2.384186E-07 802.5 1350 2.384186E-07 2
n 935 1345 0 945 1350 2.384186E-07 3
n 795 1345 2.384186E-07 800 1350 2.384186E-07 2
n 795 1342.5 2.384186E-07 797.5 1345 2.384186E-07 2
n 840 1340 0 900 1360 2.384186E-07 3
n 815 1340 0 840 1350 2.384186E-07 3
n 812.5 1340 2.384186E-07 815 1347.5 2.384186E-07 3
n 790 1340 0 795 1350 2.384186E-07 2
n 870 1337.5 5.00679E-06 890 1340 5.00679E-06 3
n 830 1337.5 4.768372E-06 850 1340 5.00679E-06 3
n 945 1335 0 950 1350 2.384186E-07 3
n 890 1335 5.00679E-06 895 1340 0.4005821 3
n 865 1335 2.384186E-07 870 1340 0.4005793 3
n 850 1335 5.00679E-06 855 1340 0.400582 3
n 825 1335 0 830 1340 0.400578 3
n 790 1335 0 792.5 1340 2.384186E-07 2
n 892.5 1332.5 0.4005795 895 1335 0.4005795 3
n 867.5 1332.5 0.4005795 870 1335 0.4005795 2
n 865 1332.5 0.4005769 867.5 1335 0.4005769 3
n 852.5 1332.5 0.4005796 855 1335 0.4005796 3
n 850 1332.5 0.4005796 852.5 1335 0.4005796 2
n 827.5 1332.5 0.4005796 830 1335 0.4005796 2
n 825 1332.5 0.4005755 827.5 1335 0.4005755 3
n 802.5 1332.5 2.384186E-07 805 1335 2.384186E-07 3
n 935 1330 0 950 1335 0 3
n 920 1330 0 935 1350 2.384186E-07 3
n 895 1330 0 900 1340 0.4005845 3
n 892.5 1330 0.4005769 895 1332.5 0.4005769 2
n 890 1330 0 892.5 1335 0.4005768 2
n 870 1330 0 880 1337.5 0.4005818 2
n 865 1330 0.4005793 870 1332.5 0.4005795 2
n 855 1330 0 865 1340 0.400582 3
n 850 1330 2.622604E-06 855 1332.5 0.4005796 2
n 825 1330 0.4005783 830 1332.5 0.4005796 2
n 810 1330 0 825 1340 3.814697E-06 3
n 805 1330 2.384186E-07 810 1337.5 2.384186E-07 3
n 800 1330 2.384186E-07 805 1332.5 2.384186E-07 3
n 780 1330 0 790 1360 2.384186E-07 2
n 785 1327.5 2.384186E-07 787.5 1330 2.384186E-07 2
n 780 1325 2.384186E-07 785 1330 2.384186E-07 2
n 797.5 1322.5 2.384186E-07 800 1325 2.384186E-07 3
n 782.5 1322.5 0 785 1325 0 2
n 850 1320 0 880 1330 0.400582 2
n 840 1320 0 850 1337.5 0.400582 2
n 760 1320 0 780 1360 2.384186E-07 2
n 865 1317.5 0 867.5 1320 0 2
n 852.5 1317.5 0 855 1320 0 2
n 780 1317.5 2.384186E-07 782.5 1325 2.384186E-07 2
n 867.5 1315 0 880 1320 0 2
n 840 1315 0 852.5 1320 2.384186E-07 2
n 775 1315 2.384186E-07 780 1320 2.384186E-07 2
n 870 1312.5 0 872.5 1315 0 2
n 847.5 1312.5 0 850 1315 0 2
n 777.5 1312.5 2.384186E-07 780 1315 2.384186E-07 2
n 920 1310 0 950 1330 2.384186E-07 3
n 897.5 1310 0.4005792 900 1330 0.4005821 3
n 890 1310 0 897.5 1330 0.4005796 2
n 872.5 1310 0 880 1315 2.384186E-07 2
n 840 1310 0 847.5 1315 2.384186E-07 2
n 822.5 1310 1.430511E-06 830 1330 0.400582 2
n 820 1310 0 822.5 1330 2.384186E-07 3
n 892.5 1307.5 0.4005793 895 1310 0.4005793 2
n 875 1307.5 2.384186E-07 877.5 1310 2.384186E-07 2
n 842.5 1307.5 2.384186E-07 845 1310 2.384186E-07 2
n 825 1307.5 0.4005769 827.5 1310 0.4005769 2
n 792.5 1307.5 2.384186E-07 795 1320 2.384186E-07 3
n 775 1307.5 2.384186E-07 777.5 1315 2.384186E-07 2
n 935 1305 0 945 1310 2.384186E-07 3
n 892.5 1305 0.4005793 895 1307.5 0.4005793 3
n 890 1305 0.4005792 892.5 1310 0.4005796 2
n 877.5 1305 0 880 1310 2.384186E-07 2
n 840 1305 4.768372E-06 842.5 1310 0.4005804 2
n 827.5 1305 0.4005783 830 1310 0.4005796 2
n 825 1305 2.622604E-06 827.5 1307.5 2.622604E-06 3
n 795 1305 0 800 1322.5 2.384186E-07 3
n 790 1305 2.384186E-07 795 1307.5 2.384186E-07 3
n 770 1305 0 775 1320 2.384186E-07 2
n 787.5 1302.5 2.384186E-07 790 1305 2.384186E-07 3
n 772.5 1302.5 2.384186E-07 775 1305 2.384186E-07 2
n 770 1297.5 0 772.5 1305 2.384186E-07 2
n 945 1295 0 950 1310 2.384186E-07 3
n 890 1295 2.622604E-06 895 1305 0.4005845 3
n 825 1295 2.384186E-07 830 1305 0.400578 3
n 892.5 1292.5 0.4005793 895 1295 0.4005793 3
n 890 1292.5 0.4005768 892.5 1295 0.4005768 2
n 877.5 1292.5 0 880 1295 0 2
n 840 1292.5 2.384186E-07 842.5 1295 2.384186E-07 2
n 827.5 1292.5 0.4005796 830 1295 0.4005796 2
n 825 1292.5 0.400578 827.5 1295 0.400578 3
n 950 1290 0 960 1360 2.384186E-07 3
n 935 1290 0 950 1295 0 3
n 920 1290 0 935 1310 2.384186E-07 3
n 895 1290 0 900 1310 0.400582 3
n 890 1290 1.192093E-06 895 1292.5 0.4005783 2
n 840 1290 0 845 1292.5 2.384186E-07 2
n 830 1290 0 840 1337.5 0.400583 2
n 825 1290 0.4005769 830 1292.5 0.4005796 2
n 820 1290 0 825 1310 2.384186E-06 3
n 760 1290 0 770 1320 2.384186E-07 2
n 872.5 1287.5 2.384186E-07 875 1290 2.384186E-07 2
n 845 1287.5 2.384186E-07 847.5 1290 2.384186E-07 2
n 782.5 1287.5 0 785 1300 2.384186E-07 3
n 867.5 1282.5 0 870 1285 0 2
n 850 1282.5 0 852.5 1285 0 2
n 777.5 1282.5 2.384186E-07 780 1285 2.384186E-07 3
n 765 1282.5 2.384186E-07 767.5 1290 2.384186E-07 2
n 880 1280 0 890 1337.5 0.400582 2
n 875 1280 0 880 1292.5 2.384186E-07 2
n 870 1280 0 875 1287.5 2.384186E-07 2
n 865 1280 0 870 1282.5 4.768372E-06 2
n 850 1280 0 855 1282.5 0 2
n 845 1280 0 850 1287.5 2.384186E-07 2
n 830 1280 0 845 1290 1.192093E-06 2
n 800 1280 0 820 1330 2.384186E-07 3
n 790 1280 0 800 1305 2.384186E-07 3
n 785 1280 2.384186E-07 790 1302.5 2.384186E-07 3
n 780 1280 2.384186E-07 785 1287.5 2.384186E-07 3
n 760 1275 0 765 1290 2.384186E-07 2
n 897.5 1270 2.384186E-06 900 1290 0.400583 3
n 890 1270 0 897.5 1290 0.4005829 2
n 850 1270 0 870 1280 0.4005829 2
n 822.5 1270 1.192093E-06 830 1290 0.4005805 2
n 820 1270 0 822.5 1290 2.384186E-07 3
n 892.5 1267.5 0.4005793 895 1270 0.4005793 2
n 865 1267.5 0.4005796 867.5 1270 0.4005796 2
n 852.5 1267.5 0.4005793 855 1270 0.4005793 2
n 825 1267.5 0.4005783 827.5 1270 0.4005783 2
n 895 1265 0 900 1270 0.400582 3
n 892.5 1265 0.4005793 895 1267.5 0.4005793 3
n 890 1265 0.4005796 892.5 1270 0.4005806 2
n 867.5 1265 0.4005775 870 1270 0.4005793 2
n 865 1265 7.152557E-07 867.5 1267.5 7.152557E-07 3
n 855 1265 0 865 1270 0.4005796 3
n 852.5 1265 0.4005787 855 1267.5 0.4005787 3
n 850 1265 0.4005796 852.5 1270 0.4005805 2
n 827.5 1265 0.4005789 830 1270 0.4005796 2
n 825 1265 1.430511E-06 827.5 1267.5 1.430511E-06 3
n 820 1265 2.384186E-07 825 1270 1.430511E-06 3
n 775 1265 0 780 1282.5 1.404063 3
n 760 1265 2.384186E-07 762.5 1275 8.583069E-06 2
n 870 1262.5 0 890 1280 0.400583 2
n 830 1262.5 0 850 1280 0.4005816 2
n 920 1260 0 960 1290 2.384186E-07 3
n 900 1260 0 920 1375 1.40406 3
n 890 1260 0 900 1265 0.4005793 3
n 870 1260 0 890 1262.5 2.384186E-07 3
n 850 1260 0 870 1265 0.4005755 3
n 830 1260 0 850 1262.5 2.384186E-07 3
n 820 1260 0 830 1265 2.384186E-07 3
n 780 1260 0 820 1280 1.404065 3
n 772.5 1260 1.404061 780 1265 2.168701 3
n 720 1260 -2.384186E-07 760 1360 2.384186E-07 2
n 775 1257.5 2.168698 777.5 1260 2.168698 3
n 752.5 1257.5 2.384186E-07 755 1260 2.384186E-07 2
n 777.5 1255 1.404058 790 1260 2.168701 3
n 745 1255 0 752.5 1260 2.384186E-07 2
n 780 1252.5 2.168698 782.5 1255 2.168698 3
n 747.5 1252.5 0 750 1255 0 2
n 920 1250 0 950 1260 2.384186E-07 3
n 950 1247.5 0 960 1260 2.384186E-07 3
n 925 1245 0 950 1250 2.384186E-07 3
n 925 1242.5 2.384186E-07 927.5 1245 2.384186E-07 3
n 920 1240 0 925 1250 0 3
n 790 1240 0 920 1260 1.404067 3
n 782.5 1240 1.404058 790 1255 2.168699 3
n 745 1240 2.384186E-07 747.5 1255 2.384186E-07 2
n 720 1240 -2.384186E-07 745 1260 2.384186E-07 2
n 920 1237.5 0 922.5 1240 0 3
n 927.5 1235 0 930 1237.5 0 2
n 915 1235 0 920 1240 0 3
n 777.5 1235 2.168698 780 1237.5 2.168698 3
n 750 1235 0 752.5 1237.5 0 2
n 915 1232.5 0 917.5 1235 0 3
n 950 1230 0 960 1237.5 0 2
n 930 1230 0 950 1240 2.384186E-07 2
n 925 1230 0 930 1235 0 2
n 922.5 1230 0 925 1232.5 0 2
n 850 1230 0 870 1240 2.384186E-07 3
n 810 1230 0 830 1240 2.384186E-07 3
n 755 1230 2.384186E-07 757.5 1232.5 2.384186E-07 2
n 750 1230 0 755 1235 2.384186E-07 2
n 855 1225 0 865 1230 0 3
n 815 1225 2.384186E-07 825 1230 2.384186E-07 3
n 767.5 1225 1.404058 770 1235 2.1687 3
n 910 1220 0 915 1240 2.384186E-07 3
n 750 1220 0 757.5 1230 2.384186E-07 2
n 720 1220 -2.384186E-07 750 1240 2.384186E-07 2
n 865 1215 0 870 1230 0 3
n 850 1215 0 855 1230 2.384186E-07 3
n 825 1215 0 830 1230 2.384186E-07 3
n 810 1215 0 815 1230 2.384186E-07 3
n 920 1200 0 960 1230 2.384186E-07 2
n 912.5 1200 0 915 1220 2.384186E-07 2
n 910 1200 0 912.5 1220 0 3
n 870 1200 0 910 1240 2.384186E-07 3
n 850 1200 0 870 1215 2.384186E-07 3
n 830 1200 0 850 1240 2.384186E-07 3
n 810 1200 0 830 1215 2.384186E-07 3
n 780 1200 0 810 1240 2.168698 3
n 770 1200 0 780 1235 2.168699 3
n 767.5 1200 0 770 1215 0 3
n 720 1200 0 757.5 1220 2.384186E-07 2
g 480 1200 0 720 1440 0 154952
n 480 1200 0 720 1440 0 2
g 960 1200 0 1200 1440 0 224644
n 1160 1400 0 1200 1440 5.960464E-08 2
n 960 1400 -5.960464E-08 1000 1440 1.192093E-07 2
n 972.5 1397.5 5.960464E-08 975 1400 5.960464E-08 2
n 1170 1395 5.960464E-08 1177.5 1400 5.960464E-08 2
n 975 1395 0 990 1400 1.192093E-07 2
n 1192.5 1392.5 0 1200 1395 5.960464E-08 2
n 1170 1392.5 0 1172.5 1395 0 2
n 987.5 1392.5 0 990 1395 0 2
n 1160 1390 0 1170 1400 5.960464E-08 2
n 990 1390 0 1000 1400 1.192093E-07 2
n 1192.5 1387.5 0 1195 1392.5 5.960464E-08 3
n 1165 1387.5 5.960464E-08 1167.5 1390 5.960464E-08 2
n 992.5 1387.5 5.960464E-08 995 1390 5.960464E-08 2
n 965 1385 0 967.5 1392.5 5.960464E-08 3
n 1160 1380 0 1165 1390 5.960464E-08 2
n 1000 1380 -5.960464E-08 1160 1440 1.192093E-07 2
n 1195 1370 0 1200 1392.5 5.960464E-08 3
n 1192.5 1370 5.960464E-08 1195 1372.5 5.960464E-08 3
n 1165 1370 5.960464E-08 1167.5 1372.5 5.960464E-08 2
n 1000 1370 -5.960464E-08 1165 1380 1.192093E-07 2
n 995 1370 5.960464E-08 1000 1390 1.192093E-07 2
n 992.5 1370 1.192093E-07 995 1372.5 1.192093E-07 2
n 965 1370 0 967.5 1372.5 0 3
n 960 1370 -5.960464E-08 965 1392.5 5.960464E-08 3
n 1187.5 1365 0.427587 1190 1367.5 0.427587 3
n 1170 1365 5.960464E-08 1172.5 1367.5 5.960464E-08 2
n 1105 1365 -2.051798 1170 1370 5.960464E-08 2
n 990 1365 -2.051798 1055 1370 8.821487E-06 2
n 987.5 1365 0 990 1367.5 0 2
n 970 1365 3.635883E-06 972.5 1367.5 3.635883E-06 3
n 1160 1362.5 -2.051798 1180 1365 9.417534E-06 2
n 1055 1362.5 -2.051798 1105 1370 -1.635396 2
n 980 1362.5 5.960464E-08 1000 1365 0.8247795 2
n 1190 1360 0 1200 1370 0.4275923 3
n 1180 1360 0 1190 1365 0.4275818 3
n 1105 1360 -2.051798 1160 1365 -2.051798 3
n 1055 1360 -2.051798 1105 1362.5 -1.853127 3
n 1040 1360 -2.051798 1055 1365 -2.051798 3
n 970 1360 0 980 1365 0.4275881 3
n 960 1360 0 970 1370 0.4275866 3
n 1180 1340 0 1200 1360 0.4275871 3
n 1040 1340 -2.051798 1160 1360 -1.853122 3
n 1000 1340 -2.051798 1040 1365 -2.051792 3
n 960 1340 0 980 1360 0.4275859 3
n 1160 1337.5 -2.051798 1180 1362.5 0.5171957 3
n 1055 1337.5 -2.051798 1105 1340 -1.635395 3
n 980 1337.5 -2.051798 1000 1362.5 0.8247732 3
n 1180 1335 0 1190 1340 0.4275844 3
n 1172.5 1335 5.960464E-08 1180 1337.5 5.960464E-08 2
n 1160 1335 -2.051786 1165 1337.5 0 2
n 1105 1335 -2.051798 1160 1340 -2.051786 3
n 1055 1335 -2.051786 1105 1337.5 -2.051785 2
n 1000 1335 -2.051798 1055 1340 -2.051785 3
n 980 1335 0 987.5 1337.5 1.192093E-07 2
n 970 1335 0 980 1340 0.4275872 3
n 1187.5 1332.5 0 1190 1335 0 3
n 1170 1332.5 5.960464E-08 1172.5 1337.5 5.960464E-08 2
n 987.5 1332.5 0 990 1337.5 0 2
n 970 1332.5 -5.960464E-08 972.5 1335 -5.960464E-08 3
n 1190 1330 0 1200 1340 0.4275871 3
n 1165 1330 5.960464E-08 1170 1337.5 5.960464E-08 2
n 990 1330 0 995 1337.5 1.192093E-07 2
n 960 1330 0 970 1340 5.960464E-08 3
n 1192.5 1327.5 5.960464E-08 1195 1330 5.960464E-08 3
n 1165 1327.5 5.960464E-08 1167.5 1330 5.960464E-08 2
n 992.5 1327.5 5.960464E-08 995 1330 5.960464E-08 2
n 965 1327.5 0 967.5 1330 0 3
n 1195 1310 0 1200 1330 1.192093E-07 3
n 1192.5 1310 5.960464E-08 1195 1312.5 5.960464E-08 3
n 1165 1310 5.960464E-08 1167.5 1312.5 5.960464E-08 2
n 1000 1310 0 1165 1335 2.509356E-05 2
n 995 1310 5.960464E-08 1000 1337.5 1.567602E-05 2
n 992.5 1310 1.192093E-07 995 1312.5 1.192093E-07 2
n 965 1310 5.960464E-08 967.5 1312.5 5.960464E-08 3
n 960 1310 0 965 1330 5.960464E-08 3
n 1187.5 1305 0.4275858 1190 1307.5 0.4275858 3
n 1170 1305 5.960464E-08 1172.5 1307.5 5.960464E-08 2
n 1105 1305 -2.051799 1170 1310 1.192093E-07 2
n 990 1305 -2.051798 1055 1310 6.318092E-06 2
n 987.5 1305 5.960464E-08 990 1307.5 5.960464E-08 2
n 970 1305 2.384186E-06 972.5 1307.5 2.384186E-06 3
n 1160 1302.5 -2.051798 1180 1305 6.437302E-06 2
n 1055 1302.5 -2.051798 1105 1310 1.192093E-07 2
n 980 1302.5 0 1000 1305 0.8247758 2
n 1190 1300 0 1200 1310 0.4275897 3
n 1180 1300 0 1190 1305 0.4275818 3
n 1105 1300 -2.051798 1160 1305 -2.051798 3
n 1055 1300 -2.051798 1105 1302.5 -1.853126 3
n 1040 1300 -2.051798 1055 1305 -2.051798 3
n 970 1300 0 980 1305 0.4275855 3
n 960 1300 0 970 1310 0.4275866 3
n 1180 1280 0 1200 1300 0.427587 3
n 1040 1280 -2.051798 1160 1300 -1.853124 3
n 1000 1280 -2.051798 1040 1305 -2.051798 3
n 960 1280 0 980 1300 0.4275851 3
n 1160 1277.5 -2.051798 1180 1302.5 0.8247716 3
n 1055 1277.5 -2.051798 1105 1280 -1.635398 3
n 980 1277.5 -2.051798 1000 1302.5 0.8247704 3
n 1180 1275 0 1190 1280 0.4275818 3
n 1172.5 1275 5.960464E-08 1180 1277.5 1.192093E-07 2
n 1105 1275 -2.051798 1160 1280 -2.051785 3
n 1055 1275 -2.051786 1105 1277.5 -2.051779 2
n 1000 1275 -2.051798 1055 1280 -2.051785 3
n 980 1275 5.960464E-08 987.5 1277.5 5.960464E-08 2
n 970 1275 5.960464E-08 980 1280 0.4275819 3
n 1187.5 1272.5 1.251698E-06 1190 1275 1.251698E-06 3
n 1170 1272.5 1.192093E-07 1172.5 1277.5 1.192093E-07 2
n 987.5 1272.5 5.960464E-08 990 1277.5 5.960464E-08 2
n 970 1272.5 5.960464E-08 972.5 1275 5.960464E-08 3
n 1190 1270 0 1200 1280 0.427587 3
n 1165 1270 5.960464E-08 1170 1277.5 1.192093E-07 2
n 990 1270 0 995 1277.5 1.192093E-07 2
n 960 1270 0 970 1280 8.34465E-07 3
n 1192.5 1267.5 5.960464E-08 1195 1270 5.960464E-08 3
n 1165 1267.5 5.960464E-08 1167.5 1270 5.960464E-08 2
n 992.5 1267.5 1.192093E-07 995 1270 1.192093E-07 2
n 965 1267.5 0 967.5 1270 0 3
n 1195 1255 0 1200 1270 0 3
n 960 1255 0 965 1270 0 3
n 1165 1250 5.960464E-08 1167.5 1252.5 5.960464E-08 2
n 1160 1250 -2.051785 1165 1277.5 6.377697E-06 2
n 995 1250 0 1000 1277.5 1.573563E-05 2
n 992.5 1250 1.192093E-07 995 1252.5 1.192093E-07 2
n 1192.5 1247.5 0 1200 1255 5.960464E-08 3
n 960 1247.5 0 967.5 1255 0 3
n 1170 1245 0 1172.5 1247.5 0 2
n 987.5 1245 0 990 1247.5 0 2
n 982.5 1242.5 5.960464E-08 985 1245 5.960464E-08 2
n 1170 1240 0 1177.5 1245 5.960464E-08 2
n 1160 1240 0 1170 1250 5.960464E-08 2
n 1000 1240 -5.960464E-08 1160 1275 6.377697E-06 2
n 990 1240 0 1000 1250 1.192093E-07 2
n 985 1240 0 990 1245 5.960464E-08 2
n 980 1240 0 985 1242.5 5.960464E-08 2
n 967.5 1237.5 0 970 1240 0 2
n 1190 1230 0 1200 1237.5 5.960464E-08 2
n 1180 1230 0 1190 1240 5.960464E-08 2
n 970 1230 -5.960464E-08 980 1240 5.960464E-08 2
n 960 1230 0 970 1237.5 5.960464E-08 2
n 1180 1200 -5.960464E-08 1200 1230 5.960464E-08 2
n 980 1200 -5.960464E-08 1180 1240 1.192093E-07 2
n 960 1200 0 980 1230 5.960464E-08 2
g 960 960 0 1200 1200 0 154952
n 960 960 0 1200 1200 0 2
g 240 1200 0 480 1440 0 154952
n 240 1200 0 480 1440 0 2
g 960 720 0 1200 960 0 154952
n 960 720 0 1200 960 0 2
g 1200 1200 0 1440 1440 0 185175
n 1200 1400 0.001574755 1240 1440 0.3930949 2
n 1200 1392.5 0.008324742 1210 1395 0.008324742 2
n 1217.5 1390 0.008324623 1220 1392.5 0.008324623 3
n 1210 1390 0.008324623 1217.5 1395 0.008324742 3
n 1200 1390 0.008324504 1210 1392.5 0.008324623 3
n 1220 1387.5 0.008324742 1222.5 1390 0.008324742 3
n 1220 1385 0.008324742 1225 1387.5 0.008324742 3
n 1240 1380 -1.968105 1280 1440 0.3931123 2
n 1227.5 1380 0.008324742 1230 1382.5 0.008324742 3
n 1220 1380 0.008324742 1227.5 1385 0.008324742 3
n 1240 1370 -1.968105 1250 1380 0.3930887 2
n 1235 1370 0.008325219 1240 1400 0.3930886 2
n 1220 1370 0.008324742 1230 1380 0.2677908 3
n 1235 1365 0.008325338 1245 1370 0.3930887 2
n 1225 1365 0.008324742 1230 1370 0.2677808 3
n 1242.5 1362.5 0.3930887 1245 1365 0.3930887 2
n 1225 1362.5 0.008324742 1227.5 1365 0.008324742 3
n 1280 1360 -1.520343 1360 1440 -1.52034 2
n 1245 1360 -1.968105 1250 1370 0.3930886 2
n 1220 1360 0.008324742 1225 1370 0.008324742 3
n 1247.5 1357.5 -1.968105 1250 1360 -1.968105 2
n 1220 1357.5 0.008324742 1222.5 1360 0.008324742 3
n 1280 1350 -1.548375 1340 1360 -1.52034 2
n 1325 1347.5 -1.548375 1327.5 1350 -1.548375 2
n 1302.5 1347.5 -1.548375 1305 1350 -1.548375 3
n 1300 1347.5 -1.548375 1302.5 1350 -1.548375 2
n 1327.5 1345 -1.548375 1340 1350 -1.52034 2
n 1325 1345 -1.548375 1327.5 1347.5 -1.548375 3
n 1305 1345 -1.548375 1310 1350 -1.548375 3
n 1300 1345 -1.548375 1305 1347.5 -1.548375 3
n 1295 1345 -1.548375 1300 1350 -1.52034 2
n 1330 1342.5 -1.548375 1332.5 1345 -1.548375 2
n 1297.5 1342.5 -1.548375 1300 1345 -1.548375 3
n 1295 1342.5 -1.548375 1297.5 1345 -1.548375 2
n 1340 1340 -1.520341 1360 1360 -1.52034 2
n 1332.5 1340 -1.548375 1340 1345 -1.548375 2
n 1330 1340 -1.548375 1332.5 1342.5 -1.548375 3
n 1325 1340 -1.548375 1330 1345 -1.548375 3
n 1310 1340 -1.548376 1325 1350 -1.358736 3
n 1280 1340 -1.548375 1295 1350 -1.520339 2
n 1250 1340 -1.968105 1280 1380 -1.520339 2
n 1247.5 1340 -1.968105 1250 1342.5 -1.968105 2
n 1220 1340 0.008324742 1222.5 1342.5 0.008324742 3
n 1335 1337.5 -1.548375 1337.5 1340 -1.548375 2
n 1292.5 1337.5 -1.548375 1295 1340 -1.548375 3
n 1290 1337.5 -1.548375 1292.5 1340 -1.548375 2
n 1337.5 1335 -1.548375 1345 1340 -1.52034 2
n 1335 1335 -1.548375 1337.5 1337.5 -1.548375 3
n 1295 1335 -1.548375 1300 1342.5 -1.548375 3
n 1290 1335 -1.548375 1295 1337.5 -1.548375 3
n 1245 1335 -1.968105 1290 1340 0.8382791 2
n 1242.5 1335 0.8382791 1245 1337.5 0.8382791 2
n 1225 1335 0.4210629 1227.5 1337.5 0.4210629 3
n 1220 1335 0.008324742 1225 1340 0.4210635 3
n 1340 1332.5 -1.548375 1342.5 1335 -1.548375 2
n 1247.5 1332.5 -1.9681 1250 1335 -1.9681 3
n 1227.5 1332.5 0.008324265 1247.5 1335 0.8382791 2
n 1335 1330 -1.548375 1340 1335 -1.548375 3
n 1310 1330 -1.548375 1335 1340 -1.320395 3
n 1300 1330 -1.548375 1310 1345 -1.548375 3
n 1250 1330 -1.968105 1300 1335 -1.52034 3
n 1227.5 1330 -1.968104 1250 1332.5 0.5400774 3
n 1220 1330 0.008326054 1227.5 1335 0.421064 3
n 1320 1327.5 -1.54837 1322.5 1330 -1.54837 3
n 1302.5 1327.5 -1.548375 1305 1330 -1.548375 3
n 1322.5 1312.5 -1.548375 1325 1330 -1.487478 3
n 1320 1312.5 -1.63769 1322.5 1327.5 -0.9751189 2
n 1302.5 1312.5 -1.548375 1305 1327.5 -1.500981 2
n 1325 1310 -1.548375 1340 1330 -1.279102 3
n 1320 1310 -1.548375 1325 1312.5 -1.548375 3
n 1305 1310 -2.283637 1320 1330 -0.580266 2
n 1302.5 1310 -1.548375 1305 1312.5 -1.548375 3
n 1220 1310 -1.968105 1302.5 1330 0.5400795 3
n 1342.5 1307.5 -1.548375 1345 1335 -1.525861 2
n 1340 1307.5 -1.548375 1342.5 1332.5 -1.456142 3
n 1227.5 1307.5 0.008324265 1247.5 1310 0.83828 3
n 1335 1305 -1.548375 1340 1310 -1.548375 3
n 1247.5 1305 -1.968105 1300 1310 -1.520339 3
n 1245 1305 0.8382745 1247.5 1307.5 0.8382745 2
n 1227.5 1305 0.008324265 1242.5 1307.5 0.8382721 2
n 1337.5 1302.5 -1.548375 1340 1305 -1.548375 2
n 1335 1302.5 -1.548375 1337.5 1305 -1.548375 3
n 1290 1302.5 -1.548375 1292.5 1305 -1.548375 3
n 1242.5 1302.5 0.8382791 1245 1307.5 0.8382791 2
n 1225 1302.5 0.4210629 1227.5 1310 0.4210633 3
n 1345 1300 -1.548375 1360 1340 -1.52034 2
n 1340 1300 -1.548375 1345 1307.5 -1.52034 2
n 1300 1300 -1.548375 1335 1310 -1.330809 3
n 1292.5 1300 -1.548375 1300 1305 -1.548375 3
n 1290 1300 -1.548375 1292.5 1302.5 -1.548375 2
n 1280 1300 -1.548375 1290 1305 -1.52034 2
n 1245 1300 -1.968105 1250 1305 0.838279 2
n 1220 1300 0.008324742 1225 1310 0.421064 3
n 1332.5 1297.5 -1.548375 1335 1300 -1.548375 2
n 1330 1297.5 -1.548375 1332.5 1300 -1.548375 3
n 1295 1297.5 -1.548375 1297.5 1300 -1.548375 3
n 1247.5 1297.5 -1.968096 1250 1300 -1.968096 2
n 1220 1297.5 0.008324742 1222.5 1300 0.008324742 3
n 1325 1295 -1.548375 1330 1300 -1.548375 3
n 1297.5 1295 -1.548375 1310 1300 -1.548375 3
n 1295 1295 -1.548375 1297.5 1297.5 -1.548375 2
n 1327.5 1292.5 -1.548375 1330 1295 -1.548375 2
n 1325 1292.5 -1.548375 1327.5 1295 -1.548375 3
n 1300 1292.5 -1.548375 1302.5 1295 -1.548375 3
n 1335 1290 -1.548375 1340 1302.5 -1.52034 2
n 1330 1290 -1.548375 1335 1297.5 -1.52034 2
n 1325 1290 -1.548375 1330 1292.5 -1.520341 2
n 1310 1290 -1.548375 1325 1300 -1.418055 3
n 1302.5 1290 -1.548375 1310 1295 -1.548375 3
n 1300 1290 -1.52034 1302.5 1292.5 -1.52034 2
n 1295 1290 -1.548375 1300 1295 -1.52034 2
n 1280 1290 -1.548375 1295 1300 -1.52034 2
n 1360 1280 -1.520341 1440 1440 -1.520331 2
n 1340 1280 -1.520341 1360 1300 -1.52034 2
n 1280 1280 -1.748104 1340 1290 -1.52034 2
n 1247.5 1280 -1.968105 1250 1282.5 -1.968105 2
n 1220 1280 0.008324742 1222.5 1282.5 0.008324742 3
n 1245 1275 -1.968105 1250 1280 0.3930886 2
n 1242.5 1275 0.3930886 1245 1277.5 0.3930886 2
n 1225 1275 0.008326173 1227.5 1277.5 0.008326173 3
n 1220 1275 0.008324742 1225 1280 0.008324742 3
n 1250 1270 -1.968105 1260 1305 -1.968105 2
n 1240 1270 -1.968105 1250 1275 0.3930887 2
n 1220 1260 0.008324623 1230 1275 0.267777 3
n 1200 1260 3.314018E-05 1220 1390 0.421067 3
n 1225 1255 0.008324742 1230 1260 0.008324742 3
n 1225 1252.5 0.008324742 1227.5 1255 0.008324742 3
n 1200 1250 3.33786E-05 1225 1260 0.008324742 3
n 1200 1247.5 0.008324504 1222.5 1250 0.008324742 3
n 1260 1240 -1.968105 1280 1305 -1.520339 2
n 1240 1240 -1.968105 1260 1270 0.3930887 2
n 1235 1240 0.008325219 1240 1275 0.3930892 2
n 1210 1230 0.393088 1220 1240 0.3930892 2
n 1200 1230 0.3930886 1210 1237.5 0.3930887 2
n 1280 1200 -1.520344 1440 1280 -0.006062746 2
n 1220 1200 -1.968105 1280 1240 0.3930899 2
n 1200 1200 0.001573682 1220 1230 0.3930901 2
g 1200 960 0 1440 1200 0 154952
n 1200 960 0 1440 1200 0 2
g 1200 1440 0 1440 1680 0 154952
n 1200 1440 0 1440 1680 0 2
