s 465 580.5 0
g 480 240 0 720 480 0 66925
n 562.5 437.5 0 565 480 1.907349E-06 3
n 487.5 432.5 23.22103 490 437.5 23.22103 3
n 565 430 0 580 480 1.907349E-06 3
n 560 430 0 565 437.5 0 3
n 522.5 422.5 0 555 437.5 7.05719E-05 3
n 490 420 23.22103 515 437.5 23.22103 3
n 595 417.5 0 597.5 480 1.907349E-06 3
n 490 417.5 23.22103 492.5 420 23.22103 3
n 595 415 1.907349E-06 600 417.5 1.907349E-06 3
n 537.5 415 1.907349E-06 555 422.5 10.0056 2
n 515 415 24.07528 517.5 417.5 24.07528 3
n 492.5 415 23.22103 495 420 23.22103 3
n 602.5 410 0 605 412.5 0 3
n 595 410 0 602.5 415 1.907349E-06 3
n 580 410 0 595 480 1.907349E-06 3
n 605 407.5 1.907349E-06 607.5 410 1.907349E-06 3
n 605 405 1.907349E-06 610 407.5 1.907349E-06 3
n 515 405 1.907349E-06 555 415 24.39144 3
n 515 402.5 24.32337 517.5 405 24.32337 3
n 612.5 400 0 615 402.5 0 3
n 605 400 0 612.5 405 1.907349E-06 3
n 580 400 0 605 410 1.907349E-06 3
n 550 400 1.907349E-06 555 405 1.144409E-05 2
n 552.5 397.5 1.907349E-06 555 400 1.907349E-06 2
n 617.5 395 0 620 397.5 0 3
n 610 395 0 617.5 400 0 3
n 555 395 0 560 437.5 1.907349E-06 3
n 552.5 395 1.907349E-06 555 397.5 1.907349E-06 3
n 550 395 1.907349E-06 552.5 400 1.907349E-06 2
n 537.5 395 0 550 405 10.0056 2
n 532.5 392.5 1.907349E-06 535 395 1.907349E-06 3
n 622.5 390 0 625 392.5 0 3
n 610 390 0 622.5 395 0 3
n 535 390 1.907349E-06 540 395 1.907349E-06 3
n 522.5 390 1.907349E-06 535 392.5 1.907349E-06 3
n 625 387.5 0 627.5 390 0 3
n 492.5 387.5 23.22103 495 390 23.22103 3
n 625 385 0 630 387.5 0 3
n 632.5 380 0 635 382.5 0 3
n 625 380 0 632.5 385 0 3
n 610 380 0 625 390 0 3
n 580 380 0 610 400 1.907349E-06 3
n 560 380 0 580 430 0 3
n 495 380 23.22103 515 420 23.86176 3
n 490 380 23.22103 495 387.5 23.55858 3
n 580 377.5 1.907349E-06 585 380 1.907349E-06 3
n 585 375 0 590 380 0 3
n 575 375 0 580 380 0 3
n 575 370 0 577.5 375 0 3
n 560 370 0 575 380 0 3
n 520 370 0 540 390 0.0001068115 3
n 587.5 367.5 0 590 375 0 3
n 572.5 367.5 0 575 370 0 3
n 520 367.5 6.866455E-05 522.5 370 6.866455E-05 3
n 565 365 0 572.5 370 1.907349E-06 3
n 582.5 362.5 1.907349E-06 585 365 1.907349E-06 3
n 567.5 362.5 1.907349E-06 570 365 1.907349E-06 3
n 590 360 0 600 380 1.907349E-06 3
n 585 360 0 590 367.5 1.907349E-06 3
n 580 360 1.907349E-06 585 362.5 1.907349E-06 3
n 560 360 0 565 370 1.907349E-06 3
n 540 360 0 560 395 1.907349E-06 3
n 522.5 360 0 540 370 6.866455E-05 3
n 635 357.5 0 637.5 380 1.907349E-06 3
n 535 357.5 7.05719E-05 537.5 360 7.05719E-05 3
n 577.5 355 0 580 357.5 0 3
n 565 355 0 567.5 365 1.907349E-06 3
n 537.5 355 0 550 360 0.0001049042 3
n 515 355 23.22103 517.5 357.5 23.22103 3
n 540 352.5 7.05719E-05 542.5 355 7.05719E-05 3
n 635 350 0 720 357.5 1.907349E-06 3
n 600 350 0 635 380 1.907349E-06 3
n 575 350 1.907349E-06 580 355 1.907349E-06 3
n 570 350 1.907349E-06 575 352.5 1.907349E-06 3
n 550 350 0 565 360 1.907349E-06 3
n 542.5 350 0 550 355 7.05719E-05 3
n 527.5 350 23.22103 530 352.5 23.22103 3
n 515 350 23.22103 527.5 355 23.22103 3
n 490 350 23.22103 515 380 24.76764 3
n 487.5 350 23.22103 490 367.5 23.56817 3
n 545 347.5 0.0001411438 547.5 350 0.0001411438 3
n 487.5 347.5 23.22103 512.5 350 26.13588 3
n 605 345 0 615 350 1.907349E-06 3
n 547.5 345 0 565 350 7.05719E-05 3
n 532.5 345 23.22103 537.5 347.5 23.22103 3
n 512.5 345 23.22103 532.5 350 23.22103 3
n 605 342.5 0 612.5 345 1.907349E-06 3
n 562.5 342.5 0 565 345 0 3
n 520 342.5 23.22103 527.5 345 23.22103 3
n 612.5 340 0 615 345 1.907349E-06 3
n 600 340 0 605 350 1.907349E-06 3
n 580 340 0 600 360 1.907349E-06 3
n 540 340 23.22103 542.5 342.5 23.22103 3
n 592.5 337.5 0 602.5 340 1.907349E-06 3
n 590 335 0 592.5 340 1.907349E-06 3
n 547.5 335 23.22103 550 337.5 23.22103 3
n 540 335 23.22103 547.5 340 23.22103 3
n 527.5 335 23.22103 540 345 23.22103 3
n 612.5 332.5 0 615 335 0 3
n 530 332.5 23.22103 542.5 335 23.22103 3
n 615 330 0 720 350 1.907349E-06 3
n 607.5 330 0 615 332.5 1.907349E-06 3
n 570 330 0 580 350 1.907349E-06 3
n 565 330 0 570 355 1.907349E-06 3
n 552.5 330 23.22103 555 332.5 23.22103 3
n 542.5 330 23.22103 552.5 335 23.22103 3
n 602.5 327.5 1.907349E-06 605 330 1.907349E-06 3
n 575 327.5 1.907349E-06 577.5 330 1.907349E-06 3
n 635 325 0 720 330 1.907349E-06 3
n 555 325 23.22103 557.5 327.5 23.22103 3
n 637.5 322.5 0 720 325 1.907349E-06 3
n 635 320 0 637.5 325 0 3
n 605 320 0 635 330 1.907349E-06 3
n 590 320 0 605 327.5 1.907349E-06 3
n 580 320 0 590 340 1.907349E-06 3
n 560 320 23.22103 562.5 322.5 23.22103 3
n 545 320 23.22103 555 330 23.22103 3
n 577.5 317.5 0 580 330 1.907349E-06 3
n 552.5 317.5 23.22103 555 320 23.22103 3
n 565 315 23.22103 567.5 317.5 23.22103 3
n 560 315 23.22103 565 320 23.22103 3
n 575 305 0 580 317.5 7.05719E-05 3
n 555 300 23.22103 560 325 23.22103 3
n 552.5 300 23.22103 555 307.5 23.22103 3
n 557.5 297.5 23.22103 560 300 23.22103 3
n 577.5 292.5 7.05719E-05 580 305 7.247925E-05 3
n 580 290 0 637.5 320 7.05719E-05 3
n 570 287.5 23.22103 572.5 300 23.22103 3
n 610 285 0 615 290 1.907349E-06 3
n 610 282.5 0 612.5 285 0 3
n 582.5 282.5 0 610 290 1.335144E-05 3
n 570 280 23.22103 575 287.5 23.22103 3
n 560 280 23.22103 570 315 23.22103 3
n 557.5 280 23.22103 560 292.5 23.22104 3
n 612.5 275 0 615 285 1.907349E-06 3
n 597.5 275 0 612.5 282.5 9.953655 2
n 575 275 23.22103 577.5 277.5 23.22103 3
n 575 265 1.907349E-06 615 275 23.22103 3
n 575 262.5 23.22103 577.5 265 23.22103 3
n 612.5 257.5 1.907349E-06 615 265 1.907349E-06 3
n 600 257.5 0 612.5 265 8.086603 2
n 597.5 255 1.907349E-06 600 265 9.984642 2
n 597.5 252.5 1.907349E-06 600 255 1.907349E-06 3
n 557.5 247.5 23.22103 575 280 26.13587 3
n 615 245 0 637.5 290 1.907349E-06 3
n 600 245 1.907349E-06 615 257.5 1.907349E-06 3
n 582.5 245 0 600 252.5 0.0001430511 3
n 617.5 242.5 0 627.5 245 0 3
n 590 242.5 0 602.5 245 0 3
g 480 720 0 720 960 0 1884
n 567.5 910 -24.75045 570 912.5 -24.75045 3
n 552.5 907.5 -24.75045 555 910 -24.75045 3
n 605 905 -24.75045 612.5 907.5 -24.75045 3
n 600 905 -24.75045 605 910 -24.75045 3
n 555 905 -24.75045 560 910 -24.75045 3
n 545 905 -24.75045 555 907.5 -24.75045 3
n 617.5 900 -24.75045 622.5 902.5 -24.75045 3
n 600 900 -24.75045 617.5 905 -24.75045 3
n 532.5 897.5 -24.75045 535 900 -24.75045 3
n 627.5 895 -24.75045 632.5 897.5 -24.75045 3
n 620 895 -24.75045 627.5 900 -24.75045 3
n 535 895 -24.75045 540 902.5 -24.75045 3
n 530 895 -24.75045 535 897.5 -24.75045 3
n 635 890 -24.75045 637.5 892.5 -24.75045 3
n 630 890 -24.75045 635 895 -24.75045 3
n 522.5 890 -23.9209 525 892.5 -23.9209 2
n 510 890 -22.32202 515 892.5 -22.32202 2
n 525 887.5 -24.22709 527.5 892.5 -23.9209 3
n 640 885 -24.75045 642.5 887.5 -24.75045 3
n 570 885 -24.75045 590 912.5 -24.75045 3
n 527.5 885 -24.75045 540 895 -23.6764 3
n 525 885 -23.6764 527.5 887.5 -23.6764 2
n 590 882.5 -24.75045 600 910 -24.75015 3
n 577.5 882.5 -24.75015 582.5 885 -24.75015 3
n 560 882.5 -24.75045 570 910 -24.60971 3
n 530 882.5 -24.75043 532.5 885 -24.75043 3
n 645 880 -24.75045 647.5 882.5 -24.75045 3
n 640 880 -24.75045 645 885 -24.75045 3
n 630 880 -24.75045 640 890 -24.75045 3
n 620 880 -24.75045 630 895 -24.75045 3
n 600 880 -24.75045 620 900 -24.7503 3
n 540 880 -24.75045 560 905 -24.7503 3
n 532.5 880 -24.75045 540 885 -24.16 3
n 530 880 -23.25398 532.5 882.5 -23.25398 2
n 525 880 -23.58111 530 885 -23.25398 2
n 510 880 -23.67641 525 890 -22.04439 2
n 610 877.5 -24.75045 617.5 880 -24.7503 3
n 550 877.5 -24.7503 552.5 880 -24.7503 3
n 535 877.5 -24.75045 537.5 880 -24.75045 3
n 502.5 877.5 -23.67641 505 890 -20.56464 2
n 647.5 875 -22.60244 650 877.5 -22.60244 3
n 617.5 875 -24.75045 647.5 880 -23.45304 3
n 590 875 0 595 877.5 0 3
n 562.5 875 0 570 877.5 0 3
n 537.5 875 -24.75045 550 880 -24.7503 3
n 505 875 -24.47717 510 892.5 -18.34585 2
n 710 872.5 0 712.5 875 0 2
n 702.5 872.5 0 705 875 0 2
n 632.5 872.5 -24.75045 640 875 -24.75045 3
n 620 872.5 -24.75045 622.5 875 -24.75045 3
n 600 872.5 0 602.5 875 0 3
n 557.5 872.5 0 560 875 0 3
n 537.5 872.5 -24.7503 540 875 -24.7503 2
n 505 872.5 -15.13721 507.5 875 -15.13721 2
n 705 870 0 710 875 0 2
n 695 870 0 705 872.5 0 2
n 655 870 -17.74586 657.5 872.5 -17.74586 2
n 652.5 870 -18.22211 655 872.5 -18.22211 3
n 640 870 -24.75044 652.5 875 -19.4441 3
n 622.5 870 -24.75045 632.5 875 -24.75015 3
n 600 870 0 607.5 872.5 0 3
n 552.5 870 0 560 872.5 0 3
n 535 870 -24.75045 537.5 877.5 -21.61747 2
n 642.5 867.5 -20.73364 645 870 -20.73364 3
n 625 867.5 -24.75031 627.5 870 -24.75031 3
n 610 867.5 0 612.5 870 0 3
n 547.5 867.5 0 550 870 0 3
n 657.5 865 -15.95146 660 872.5 -14.2286 2
n 645 865 -19.27555 657.5 870 -14.78638 3
n 627.5 865 -24.75045 632.5 870 -24.75037 3
n 610 865 0 615 867.5 0 3
n 542.5 862.5 3.814697E-06 545 865 3.814697E-06 3
n 507.5 862.5 -15.13721 510 875 -6.007087 2
n 670 860 -4.616617 710 870 0 2
n 660 860 -12.73279 670 872.5 -6.15942 2
n 617.5 860 0 620 862.5 0 3
n 610 860 0 617.5 865 0 3
n 600 860 0 610 870 0 3
n 550 860 0 560 870 0 3
n 545 860 0 550 867.5 0 3
n 540 860 1.907349E-06 545 862.5 0.7419007 3
n 510 860 -20.56464 530 880 -4.125697 2
n 505 860 -4.125707 510 862.5 -4.125706 2
n 715 857.5 0 717.5 872.5 0 2
n 660 857.5 -9.590474 662.5 860 -9.590474 2
n 647.5 857.5 -15.4518 650 865 -11.92745 3
n 620 857.5 0 622.5 860 0 3
n 537.5 857.5 0.5582564 540 860 0.5582564 3
n 535 857.5 0.3241446 537.5 860 0.3241446 2
n 620 855 0 625 857.5 0 3
n 590 855 0 600 875 2.073277 3
n 560 855 0 570 875 1.15021 3
n 530 855 -22.36247 535 880 8.106232E-06 2
n 627.5 852.5 0 630 855 0 2
n 532.5 852.5 7.152557E-07 535 855 7.152557E-07 3
n 530 852.5 1.192093E-06 532.5 855 1.192093E-06 2
n 710 850 0 715 872.5 0 2
n 660 850 -8.074537 662.5 857.5 -5.659223 3
n 650 850 -14.78637 660 865 -5.971942 3
n 630 850 -0.0001330376 635 855 0 2
n 627.5 850 0 630 852.5 0 3
n 620 850 0 627.5 855 0 3
n 535 850 0.1036301 540 857.5 0.4914238 3
n 530 850 0 535 852.5 3.814697E-06 3
n 500 850 -2.677397 530 860 6.198883E-06 2
n 490 850 0 500 855 6.198883E-06 2
n 650 847.5 -4.192193 652.5 850 -4.192193 3
n 632.5 847.5 0 635 850 0 2
n 630 847.5 0 632.5 850 0 3
n 592.5 847.5 2.073274 600 855 2.073282 2
n 590 847.5 2.073275 592.5 855 2.073275 3
n 567.5 847.5 2.073275 570 855 2.073275 3
n 560 847.5 7.152557E-06 567.5 855 2.073277 2
n 527.5 847.5 0.4423733 530 850 0.4423733 3
n 525 847.5 0.4423759 527.5 850 0.4423759 2
n 517.5 847.5 -0.1944649 520 850 -0.1944649 2
n 487.5 845 2.384186E-07 490 852.5 2.384186E-07 2
n 710 842.5 0 712.5 850 0 2
n 662.5 840 -8.355596 710 860 8.106232E-06 2
n 650 840 -2.827273 652.5 847.5 0 2
n 635 840 -8.155987 650 855 1.144409E-05 2
n 620 840 0 630 850 0 3
n 600 840 0 620 860 2.07328 3
n 540 840 0 560 860 1.150208 3
n 530 840 0 540 850 0.8137962 3
n 662.5 837.5 0 682.5 840 0 2
n 652.5 837.5 -4.192187 655 850 0 3
n 635 837.5 0 652.5 840 0 2
n 490 837.5 0 517.5 850 1.192093E-06 2
n 662.5 835 0 720 837.5 0 3
n 655 835 -4.192192 662.5 850 0 3
n 635 835 0 655 837.5 0 3
n 630 835 0 635 847.5 0 3
n 525 835 0 530 847.5 0.1694031 3
n 520 835 0 525 837.5 0 3
n 590 825 2.073275 600 847.5 2.073275 3
n 560 825 2.073272 570 847.5 2.073275 3
n 592.5 822.5 2.073275 600 825 2.073275 3
n 560 822.5 1.150208 567.5 825 2.073275 3
n 630 820 0 720 835 0 3
n 600 820 0 630 840 2.073278 3
n 592.5 815 6.67572E-06 600 822.5 2.073275 2
n 590 815 2.073275 592.5 825 2.073275 3
n 567.5 815 1.150208 570 825 2.073275 3
n 560 815 0 567.5 822.5 2.073275 2
n 480 815 2.384186E-07 490 825 2.384186E-07 3
n 600 810 0 720 820 6.437302E-06 3
n 590 810 0 600 815 1.150211 3
n 570 810 0 590 877.5 2.676684 3
n 560 810 0 570 815 3.814697E-06 3
n 530 810 0 560 840 1.150205 3
n 520 810 0 530 835 0 3
n 490 810 0 520 837.5 2.384186E-07 3
n 670 807.5 0 672.5 810 0 3
n 657.5 807.5 0 660 810 0 3
n 645 807.5 0 647.5 810 0 3
n 632.5 807.5 0 635 810 0 3
n 620 807.5 0 622.5 810 0 3
n 607.5 807.5 0 610 810 0 3
n 550 807.5 0 552.5 810 0 3
n 537.5 807.5 0 540 810 0 3
n 525 807.5 0 527.5 810 0 3
n 512.5 807.5 2.384186E-07 515 810 2.384186E-07 3
n 500 807.5 2.384186E-07 502.5 810 2.384186E-07 3
n 672.5 802.5 0 720 810 0 3
n 647.5 802.5 0 657.5 810 0 3
n 622.5 802.5 0 632.5 810 0 3
n 527.5 802.5 0 537.5 810 0 3
n 502.5 802.5 0 512.5 810 2.384186E-07 3
n 605 797.5 0 607.5 810 0 3
n 600 795 0 605 810 0 3
n 552.5 792.5 0 555 810 0 3
n 600 790 0 602.5 795 0 3
n 580 790 0 600 810 9.536743E-07 3
n 535 787.5 0 537.5 790 0 3
n 665 785 0 667.5 787.5 0 3
n 620 785 0 630 790 0 3
n 595 785 0 602.5 790 0 3
n 620 782.5 0 622.5 785 0 3
n 597.5 782.5 0 600 785 0 3
n 665 780 0 670 785 0 3
n 630 780 0 665 790 0 3
n 622.5 780 0 630 785 0 3
n 535 780 0 540 787.5 0 3
n 520 780 0 535 790 0 3
n 625 777.5 0 627.5 780 0 3
n 542.5 777.5 0 545 782.5 0 3
n 595 775 0 597.5 785 0 3
n 552.5 775 0 555 785 0 3
n 595 770 0 600 775 0 3
n 580 770 0 595 790 0 3
n 490 770 0 500 790 2.384186E-07 3
n 487.5 770 0 490 787.5 2.384186E-07 3
n 540 767.5 0 542.5 785 0 3
n 600 762.5 0 602.5 765 0 3
n 627.5 760 0 670 780 4.768372E-07 3
n 600 760 0 605 762.5 0 3
n 580 760 0 600 770 0 3
n 605 755 0 620 760 0 3
n 540 755 0 555 767.5 0 3
n 607.5 752.5 0 620 755 2.384186E-07 3
n 542.5 752.5 0 555 755 2.384186E-07 3
n 485 750 0 500 770 2.384186E-07 3
n 620 740 0 670 760 2.384186E-07 3
n 605 740 0 607.5 755 2.384186E-07 3
n 580 740 0 605 760 2.384186E-07 3
n 520 740 0 540 780 2.384186E-07 3
n 500 740 0 520 790 2.384186E-07 3
n 487.5 740 0 500 750 2.384186E-07 3
n 607.5 737.5 2.384186E-07 610 742.5 2.384186E-07 3
n 542.5 737.5 2.384186E-07 545 742.5 2.384186E-07 3
n 617.5 735 2.384186E-07 620 745 2.384186E-07 3
n 552.5 735 2.384186E-07 555 745 2.384186E-07 3
n 540 735 0 542.5 755 2.384186E-07 3
n 650 730 0 670 740 2.384186E-07 3
n 580 730 -2.384186E-07 607.5 740 2.384186E-07 3
n 555 730 0 580 810 9.536743E-07 3
n 650 727.5 0 667.5 730 0 3
n 620 727.5 -2.384186E-07 630 740 2.384186E-07 3
n 587.5 727.5 -2.384186E-07 605 730 0 3
n 555 727.5 0 572.5 730 0 3
n 530 727.5 0 540 740 2.384186E-07 3
n 487.5 727.5 0 510 740 2.384186E-07 3
n 630 725 0 650 740 2.384186E-07 3
n 510 725 -2.384186E-07 530 740 2.384186E-07 3
n 572.5 720 0 587.5 730 2.384186E-07 3
g 480 480 0 720 720 0 32958
n 590 665 0 597.5 720 5.960464E-08 3
n 562.5 665 0 570 720 5.960464E-08 3
n 590 662.5 5.960464E-08 592.5 665 5.960464E-08 3
n 565 662.5 0 567.5 665 0 3
n 567.5 652.5 5.960464E-08 570 665 5.960464E-08 3
n 605 650 0 610 657.5 5.960464E-08 3
n 602.5 650 0 605 652.5 0 3
n 590 650 5.960464E-08 592.5 652.5 5.960464E-08 3
n 570 650 0 590 720 5.960464E-08 3
n 565 650 0 570 652.5 5.960464E-08 3
n 515 645 0 520 650 5.960464E-08 3
n 512.5 645 5.960464E-08 515 647.5 5.960464E-08 3
n 550 640 0 600 650 5.960464E-08 3
n 507.5 637.5 0 510 642.5 0 3
n 585 635 0 600 640 5.960464E-08 3
n 565 635 0 575 640 5.960464E-08 3
n 585 632.5 5.960464E-08 592.5 635 5.960464E-08 3
n 567.5 632.5 0 575 635 5.960464E-08 3
n 565 630 5.960464E-08 567.5 635 5.960464E-08 3
n 550 630 0 565 640 5.960464E-08 3
n 600 625 0 610 650 5.960464E-08 3
n 592.5 625 0 600 635 5.960464E-08 3
n 550 625 0 567.5 630 5.960464E-08 3
n 592.5 622.5 0 602.5 625 5.960464E-08 3
n 567.5 622.5 5.960464E-08 570 632.5 5.960464E-08 2
n 557.5 622.5 0 567.5 625 5.960464E-08 3
n 610 620 0 640 657.5 5.960464E-08 3
n 592.5 620 0 597.5 622.5 5.960464E-08 2
n 585 620 -4.477767 592.5 632.5 5.960464E-08 2
n 570 620 -4.468935 575 632.5 5.960464E-08 2
n 562.5 620 0 570 622.5 5.960464E-08 2
n 550 620 0 557.5 625 5.960464E-08 3
n 520 620 0 550 650 5.960464E-08 3
n 510 620 0 520 645 5.960464E-08 3
n 585 617.5 -5 597.5 620 -5 2
n 562.5 617.5 -5 575 620 -5 2
n 610 615 0 615 620 5.960464E-08 3
n 602.5 615 0 610 625 5.960464E-08 3
n 585 615 -5 590 617.5 -5 3
n 575 615 -5 585 640 5.960464E-08 3
n 570 615 -5 575 617.5 -5 3
n 545 615 0 557.5 620 5.960464E-08 3
n 612.5 612.5 0 615 615 0 3
n 600 612.5 0 602.5 622.5 5.960464E-08 2
n 557.5 612.5 5.960464E-08 560 622.5 5.960464E-08 2
n 545 612.5 5.960464E-08 547.5 615 5.960464E-08 3
n 510 610 0 545 620 5.960464E-08 3
n 650 605 0 657.5 657.5 0 3
n 615 605 0 630 620 0 3
n 535 605 0 545 610 0 3
n 650 602.5 5.960464E-08 652.5 605 5.960464E-08 3
n 615 602.5 5.960464E-08 622.5 605 5.960464E-08 3
n 597.5 602.5 -5 600 622.5 5.960464E-08 2
n 560 602.5 0 562.5 622.5 2.980232E-07 2
n 537.5 602.5 0 545 605 5.960464E-08 3
n 507.5 602.5 0 510 630 5.960464E-08 3
n 630 600 0 640 620 5.960464E-08 3
n 612.5 600 -5.960464E-08 615 602.5 -5.960464E-08 2
n 597.5 600 -5 602.5 602.5 -5 2
n 557.5 600 5.960464E-08 562.5 602.5 5.960464E-08 2
n 535 600 0 537.5 605 5.960464E-08 3
n 510 600 0 535 610 5.960464E-08 3
n 597.5 597.5 -5 615 600 -5 2
n 595 597.5 -5 597.5 617.5 -5 3
n 562.5 597.5 -5 565 617.5 -5 3
n 547.5 597.5 -5 562.5 600 -5 2
n 542.5 597.5 -5 547.5 602.5 0 2
n 630 595 5.960464E-08 635 600 5.960464E-08 3
n 622.5 595 0 630 605 5.960464E-08 3
n 590 595 -5 595 617.5 -4.383098 3
n 565 595 -5 570 617.5 -4.999992 3
n 520 595 0 537.5 600 1.192093E-07 3
n 622.5 592.5 0 632.5 595 0 3
n 537.5 592.5 0 542.5 602.5 5.960464E-08 2
n 527.5 592.5 0 537.5 595 0 3
n 665 590 0 720 597.5 5.960464E-08 3
n 662.5 590 5.960464E-08 665 592.5 5.960464E-08 3
n 650 590 5.960464E-08 652.5 592.5 5.960464E-08 3
n 622.5 590 0 632.5 592.5 5.960464E-08 2
n 615 590 -5 622.5 602.5 5.960464E-08 2
n 595 590 -5 615 597.5 -4.3831 3
n 590 590 -3.423656 595 595 -3.423642 2
n 565 590 -4.99999 570 595 -3.423649 2
n 550 590 -5 565 597.5 -4.999996 3
n 512.5 590 0 520 600 5.960464E-08 3
n 495 590 0 497.5 595 0 3
n 480 590 -5.960464E-08 495 597.5 1.192093E-07 3
n 632.5 585 0 635 595 5.960464E-08 3
n 615 585 -5 632.5 590 5.960464E-08 2
n 542.5 585 -5 550 597.5 -5 3
n 527.5 585 -4.477048 542.5 592.5 5.960464E-08 2
n 520 585 0 527.5 595 1.192093E-07 3
n 615 575 -5 635 585 5.960464E-08 3
n 520 575 -5 550 585 1.192093E-07 3
n 500 572.5 0 510 587.5 5.960464E-08 3
n 650 570 0 720 590 5.960464E-08 3
n 617.5 570 -5 632.5 575 1.013279E-05 2
n 615 570 -5 617.5 575 -5 3
n 590 570 -5 615 590 -3.423654 3
n 550 570 -5 570 590 -3.423656 3
n 527.5 570 -4.469062 542.5 575 6.854534E-06 2
n 510 570 0 520 590 5.960464E-08 3
n 480 570 -5.960464E-08 500 590 1.192093E-07 3
n 652.5 567.5 5.960464E-08 662.5 570 5.960464E-08 3
n 632.5 567.5 0 635 575 5.960464E-08 3
n 622.5 567.5 5.960464E-08 632.5 570 5.960464E-08 2
n 527.5 567.5 5.960464E-08 537.5 570 5.960464E-08 2
n 662.5 565 5.960464E-08 665 570 5.960464E-08 3
n 650 565 5.960464E-08 652.5 570 5.960464E-08 3
n 635 565 0 640 600 5.960464E-08 3
n 630 565 5.960464E-08 635 567.5 5.960464E-08 3
n 595 565 -5 617.5 570 -4.999999 3
n 590 565 -5 595 570 -3.423654 2
n 565 565 -5 570 570 -3.423656 2
n 550 565 -5 565 570 -5 3
n 542.5 565 -5 550 575 -4.99998 3
n 527.5 565 5.960464E-08 535 567.5 5.960464E-08 3
n 520 565 0 527.5 575 1.192093E-07 3
n 665 562.5 0 720 570 5.960464E-08 3
n 617.5 562.5 -5 622.5 570 0 2
n 597.5 562.5 -5 617.5 565 -4.999985 3
n 542.5 562.5 -5 562.5 565 -4.999984 3
n 537.5 562.5 5.960464E-08 542.5 570 1.353025E-05 2
n 480 562.5 -5.960464E-08 497.5 570 1.192093E-07 3
n 602.5 560 1.525879E-05 612.5 562.5 1.531839E-05 2
n 547.5 560 1.525879E-05 557.5 562.5 1.531839E-05 2
n 512.5 560 0 520 570 5.960464E-08 3
n 622.5 557.5 0 625 567.5 5.960464E-08 3
n 612.5 557.5 0 622.5 562.5 1.525879E-05 2
n 600 557.5 0 602.5 562.5 1.525879E-05 2
n 557.5 557.5 5.960464E-08 560 562.5 1.555681E-05 2
n 537.5 557.5 0 547.5 562.5 1.531839E-05 2
n 535 557.5 0 537.5 567.5 5.960464E-08 3
n 650 552.5 5.960464E-08 652.5 555 5.960464E-08 3
n 650 550 0 657.5 552.5 5.960464E-08 3
n 640 550 0 650 657.5 5.960464E-08 3
n 630 550 0 640 565 5.960464E-08 3
n 625 550 0 630 567.5 5.960464E-08 3
n 617.5 550 0 625 557.5 5.960464E-08 3
n 590 550 -5 597.5 565 -5 3
n 570 550 -5 590 615 -3.048145 3
n 562.5 550 -5 570 565 -4.999984 3
n 535 550 0 545 557.5 5.960464E-08 3
n 520 550 0 535 565 1.192093E-07 3
n 597.5 547.5 -5 600 562.5 -4.999985 2
n 560 547.5 -4.999984 562.5 562.5 1.555681E-05 2
n 507.5 547.5 0 510 552.5 5.960464E-08 3
n 615 545 5.960464E-08 620 550 5.960464E-08 3
n 612.5 545 5.960464E-08 615 547.5 5.960464E-08 3
n 545 545 5.960464E-08 547.5 547.5 5.960464E-08 3
n 597.5 542.5 -5 602.5 547.5 5.960464E-08 2
n 585 542.5 -5 597.5 550 -4.999992 3
n 562.5 542.5 -5 575 550 -4.999977 3
n 557.5 542.5 5.960464E-08 562.5 547.5 7.629395E-06 2
n 545 540 0 550 545 5.960464E-08 3
n 520 540 0 545 550 5.960464E-08 3
n 602.5 537.5 0 605 545 0 3
n 592.5 537.5 0 602.5 542.5 5.960464E-08 2
n 557.5 537.5 0 567.5 542.5 5.960464E-08 2
n 605 535 0 610 545 5.960464E-08 3
n 600 535 0 605 537.5 5.960464E-08 3
n 557.5 535 0 565 537.5 5.960464E-08 3
n 550 535 0 557.5 545 5.960464E-08 3
n 507.5 530 0 510 540 5.960464E-08 3
n 592.5 527.5 0 595 537.5 0 3
n 585 527.5 -4.553029 592.5 542.5 5.960464E-08 2
n 567.5 527.5 -5 575 542.5 1.531839E-05 2
n 565 527.5 0 567.5 537.5 5.960464E-08 3
n 620 520 0 657.5 550 5.960464E-08 3
n 610 520 0 620 545 1.192093E-07 3
n 600 520 0 610 535 1.192093E-07 3
n 595 520 5.960464E-08 600 537.5 1.192093E-07 3
n 585 520 0 595 527.5 1.192093E-07 3
n 575 520 -5 585 550 1.192093E-07 3
n 565 520 0 575 527.5 1.192093E-07 3
n 550 520 0 565 535 1.192093E-07 3
n 520 520 0 550 540 5.960464E-08 3
n 507.5 517.5 0 510 522.5 5.960464E-08 3
n 520 510 0 657.5 520 1.192093E-07 3
n 602.5 507.5 5.960464E-08 605 510 5.960464E-08 3
n 590 507.5 5.960464E-08 592.5 510 5.960464E-08 3
n 567.5 507.5 5.960464E-08 570 510 5.960464E-08 3
n 540 507.5 0 557.5 510 5.960464E-08 3
n 527.5 507.5 5.960464E-08 532.5 510 5.960464E-08 3
n 510 507.5 0 520 560 5.960464E-08 3
n 585 505 5.960464E-08 590 510 5.960464E-08 3
n 605 502.5 0 657.5 510 5.960464E-08 3
n 587.5 502.5 5.960464E-08 590 505 5.960464E-08 3
n 625 500 0.8623425 630 502.5 0.8623427 2
n 622.5 495 -2.080628 630 500 -0.37398 2
n 585 495 5.960464E-08 587.5 505 5.960464E-08 3
n 567.5 495 5.960464E-08 570 497.5 5.960464E-08 3
n 650 492.5 -3.211986 652.5 495 -3.211986 2
n 650 490 -3.966487 655 492.5 -2.90349 2
n 630 490 -4.281312 650 502.5 0.8623432 2
n 585 490 0 597.5 495 5.960464E-08 3
n 570 490 0 585 510 5.960464E-08 3
n 645 482.5 -4.403356 655 490 -1.370443 2
n 615 482.5 -2.781323 620 495 -1.57083 2
n 630 480 -4.311001 645 490 -1.847324 2
n 620 480 -4.067957 630 495 -1.84691 2
n 570 480 0 597.5 490 1.192093E-07 3
n 562.5 480 0 570 495 1.192093E-07 3
g 240 480 0 480 720 0 32991
n 442.5 562.5 -2.609024E-14 480 597.5 -1.831867E-14 3
g 720 480 0 960 720 0 32954
n 805 717.5 0 807.5 720 0 3
n 807.5 715 0 810 720 0 3
n 852.5 702.5 -3.606469 855 705 -3.606469 2
n 862.5 700 -7.238291 867.5 702.5 -7.216748 2
n 855 700 -6.956257 862.5 705 -4.658993 2
n 850 700 -4.044927 855 702.5 -2.961386 2
n 810 700 0 837.5 720 4.768372E-07 3
n 832.5 697.5 2.384186E-07 835 700 2.384186E-07 3
n 810 695 2.384186E-07 815 700 4.768372E-07 3
n 847.5 690 -8.43965 870 700 -1.97586 2
n 835 687.5 0 837.5 700 4.768372E-07 2
n 845 685 -1.830853 850 690 -1.019128 2
n 835 685 -0.4579682 845 687.5 0.5029418 2
n 812.5 677.5 0 815 685 2.384186E-07 3
n 835 675 -1.60321 850 685 0.5029421 2
n 832.5 675 2.384186E-07 835 697.5 0.2663605 2
n 815 675 0 820 700 4.768372E-07 3
n 810 675 0 815 677.5 0 3
n 837.5 672.5 4.291534E-06 842.5 675 0.5029445 2
n 850 670 -9.844383 872.5 690 -1.769723 2
n 842.5 670 -1.385788 850 675 -0.4424944 2
n 847.5 667.5 -2.045229 855 670 -1.193696 2
n 832.5 667.5 0 837.5 675 0 2
n 855 665 -6.017261 870 670 -2.151479 2
n 832.5 665 4.768372E-07 837.5 667.5 4.768372E-07 3
n 820 665 -2.384186E-07 832.5 700 0.3135018 3
n 810 665 -2.384186E-07 820 675 0 3
n 857.5 662.5 -4.278851 867.5 665 -2.061255 2
n 827.5 662.5 0 837.5 665 4.768372E-07 3
n 812.5 662.5 0 815 665 0 3
n 810 625 0 812.5 627.5 0 2
n 807.5 622.5 0 812.5 625 0 2
n 802.5 617.5 0 805 620 0 2
n 805 615 0 812.5 622.5 0 2
n 800 615 0 805 617.5 0 2
n 797.5 612.5 0 800 615 0 2
n 792.5 607.5 0 795 610 0 2
n 795 605 0 800 612.5 4.768372E-07 2
n 790 605 0 795 607.5 0.0001518726 2
n 787.5 602.5 4.768372E-07 790 605 4.768372E-07 2
n 782.5 597.5 0 785 600 0 2
n 812.5 592.5 0 815 657.5 4.768372E-07 3
n 777.5 592.5 0.0001518726 780 595 0.0001518726 2
n 812.5 590 4.768372E-07 815 592.5 4.768372E-07 2
n 800 590 0 812.5 615 4.768372E-07 2
n 790 590 0 800 605 4.768372E-07 2
n 785 590 0 790 602.5 4.768372E-07 2
n 780 590 0 785 597.5 0.0001518726 2
n 775 590 2.384186E-07 780 592.5 4.768372E-07 2
n 772.5 587.5 0 807.5 590 4.768372E-07 2
n 815 585 0 827.5 665 4.768372E-07 3
n 807.5 585 0 815 590 0 2
n 737.5 585 0 807.5 587.5 4.768372E-07 3
n 730 585 2.384186E-07 737.5 597.5 2.384186E-07 3
n 727.5 585 2.384186E-07 730 587.5 2.384186E-07 3
n 720 575 0 730 585 4.768372E-07 3
n 727.5 572.5 2.384186E-07 730 575 2.384186E-07 3
n 730 567.5 0 827.5 585 3.068427 3
g 720 240 0 960 480 0 174643
n 785 395 -10.96608 787.5 397.5 -10.96608 2
n 780 395 -11.08996 785 400 -10.92897 2
n 757.5 395 -9.550518 760 397.5 -9.550518 2
n 752.5 392.5 -8.727852 755 395 -8.727852 2
n 787.5 390 -11.03249 790 392.5 -11.03249 2
n 780 390 -11.08032 787.5 395 -10.48647 2
n 755 390 -9.316529 760 395 -8.729812 2
n 745 390 -8.513843 755 392.5 -6.674461 2
n 780 385 -10.74621 790 390 -9.07593 2
n 732.5 385 -3.876345 740 387.5 -2.382543 2
n 780 380 -8.912457 787.5 385 -7.157444 2
n 730 380 -3.718087 740 385 -1.872286 2
n 725 380 -1.423263 730 382.5 -0.9470911 2
n 780 372.5 -6.127377 782.5 380 -4.187985 2
n 760 370 -11.10635 780 400 -2.579713 2
n 772.5 367.5 -2.786704 777.5 370 -2.748096 2
n 722.5 367.5 -0.5091609 725 380 -0.3431741 2
n 760 365 -2.567927 772.5 370 -1.074271 2
n 725 365 -2.991141 740 380 -0.5437373 2
n 767.5 362.5 -0.2880813 770 365 -0.2880813 2
n 727.5 362.5 -0.5611502 732.5 365 -0.4491491 2
n 760 360 -0.1887629 767.5 365 1.073688 2
n 740 360 -8.209105 760 390 0.9902731 2
n 732.5 360 -0.2411718 740 365 0.9763738 2
n 732.5 357.5 0 767.5 360 2.264977E-06 2
n 730 330 0 740 357.5 1.192093E-07 3
n 720 327.5 0 730 357.5 1.192093E-07 3
n 730 325 1.192093E-07 735 330 1.192093E-07 3
n 732.5 315 1.192093E-07 735 325 1.192093E-07 3
n 740 310 -6 787.5 357.5 0.2079561 3
n 735 310 0 740 330 1.192093E-07 3
n 775 307.5 0 787.5 310 0.113451 3
n 735 307.5 0 745 310 5.960464E-07 3
n 765 305 -5.999997 775 310 -1.913131 3
n 745 305 -4.99478 755 310 0.1143579 3
n 730 302.5 0 735 315 1.192093E-07 3
n 755 300 -6 765 310 -6 3
n 762.5 297.5 -6.805051 765 300 -6.805051 3
n 755 297.5 -6.805052 757.5 300 -6.805052 3
n 757.5 295 -8.943443 762.5 300 -6.805052 3
g 720 720 0 960 960 0 32965
n 885 905 -23.22103 900 917.5 -23.22103 3
n 790 905 -23.22103 820 917.5 -23.22103 3
n 885 902.5 -23.22103 887.5 905 -23.22103 3
n 792.5 902.5 -23.22103 812.5 905 -23.22102 3
n 900 900 -23.22103 917.5 917.5 -23.22103 3
n 892.5 900 -23.22103 900 905 -23.22103 3
n 820 900 -23.22103 885 917.5 -23.22103 3
n 812.5 900 -23.22103 820 905 -23.22103 3
n 792.5 900 -23.22103 812.5 902.5 -19.2891 2
n 790 900 -23.22103 792.5 905 -23.22103 3
n 780 900 -23.22103 790 917.5 -23.22103 3
n 902.5 897.5 -23.22103 905 900 -23.22103 3
n 875 897.5 -23.22103 882.5 900 -23.22103 3
n 852.5 897.5 -23.22103 870 900 -23.22103 3
n 820 897.5 -23.22103 837.5 900 -23.22103 3
n 790 897.5 -23.22103 812.5 900 -18.0589 2
n 837.5 895 -23.22103 852.5 900 -23.22103 3
n 862.5 887.5 -23.22103 867.5 890 -23.22103 3
n 850 887.5 -23.22103 852.5 890 -23.22103 3
n 837.5 887.5 -23.22103 840 890 -23.22103 3
n 822.5 887.5 -23.22103 827.5 890 -23.22103 3
n 905 880 -23.22103 917.5 900 -23.22103 3
n 902.5 880 -23.22103 905 892.5 -23.22103 3
n 850 880 -23.22103 860 887.5 -23.22103 3
n 840 880 -23.22103 850 890 -23.22103 3
n 780 875 -23.22103 790 887.5 -23.22103 3
n 762.5 875 -23.22103 770 885 -23.22103 3
n 762.5 872.5 -23.22103 765 875 -23.22103 2
n 897.5 870 -23.22103 900 880 -23.22103 3
n 840 860 -23.22103 860 880 -23.22103 3
n 790 860 -23.22103 840 887.5 -23.22103 3
n 887.5 857.5 -23.22103 890 862.5 -23.22103 3
n 787.5 857.5 -23.22103 790 875 -23.22099 3
n 765 857.5 -23.22103 770 875 -12.72067 2
n 790 855 -23.22103 795 860 -23.22103 3
n 787.5 855 -23.22101 790 857.5 -23.22101 2
n 780 855 -23.22103 787.5 875 -10.09715 2
n 770 855 -23.22103 780 917.5 -11.1662 3
n 792.5 852.5 -23.22103 795 855 -23.22103 3
n 795 850 -23.57648 850 860 -23.22102 3
n 792.5 850 -23.22103 795 852.5 -23.22103 2
n 780 850 -23.22103 792.5 855 -7.731199 2
n 897.5 847.5 -23.22103 900 865 -23.22103 3
n 887.5 845 -23.22103 890 847.5 -23.22103 3
n 880 845 -23.22103 887.5 887.5 -23.22103 3
n 815 845 -23.22103 850 850 -23.22103 3
n 805 845 -26.04781 815 850 -8.277605 2
n 845 842.5 -23.22103 847.5 845 -23.22103 3
n 847.5 840 -21.86142 850 845 -21.68206 3
n 777.5 840 -9.78546 780 855 0.1961193 2
n 770 840 -9.450254 777.5 855 1.021109 3
n 780 837.5 -18.41754 805 850 1.589939 2
n 895 835 -23.22103 900 847.5 -23.22103 3
n 880 835 -23.22103 890 845 -23.22103 3
n 895 832.5 -23.22103 897.5 835 -23.22103 3
n 887.5 832.5 -23.22103 890 835 -23.22103 3
n 762.5 832.5 1.907349E-06 765 835 1.907349E-06 3
n 850 830 -23.22103 860 860 -21.64772 3
n 780 830 0 800 837.5 1.097197 3
n 770 830 0 780 840 1.317047 3
n 765 830 0 770 837.5 0.5544415 3
n 760 830 1.907349E-06 765 832.5 1.907349E-06 3
n 850 825 -21.40244 852.5 830 -17.70638 2
n 835 825 -16.28904 850 837.5 1.110443 2
n 852.5 822.5 -23.22103 855 830 -23.22099 3
n 847.5 822.5 -23.22101 852.5 825 -23.22099 2
n 837.5 822.5 -3.385477 845 825 0.6250629 2
n 900 820 -23.22103 917.5 880 -23.22102 3
n 855 820 -23.22103 860 830 -23.22103 3
n 847.5 820 -23.22103 855 822.5 -23.22103 3
n 845 820 -23.22103 847.5 825 -11.24209 2
n 760 820 0 800 830 3.814697E-06 3
n 730 820 0 760 832.5 3.814697E-06 3
n 887.5 817.5 -23.22103 890 822.5 -23.22103 3
n 897.5 815 -23.22103 900 835 -23.22103 3
n 755 815 0 795 820 3.814697E-06 3
n 720 815 -1.907349E-06 730 825 3.814697E-06 3
n 900 812.5 -23.22103 905 820 -23.22103 3
n 842.5 812.5 -23.22103 845 817.5 -23.22103 3
n 765 812.5 0 792.5 815 5.722046E-06 3
n 755 812.5 0 757.5 815 0 3
n 845 810 -23.22103 860 820 -23.22103 3
n 730 810 0 755 820 3.814697E-06 3
n 832.5 807.5 0 835 837.5 0.6165504 2
n 792.5 807.5 1.907349E-06 795 815 7.629395E-06 3
n 730 807.5 1.907349E-06 752.5 810 3.814697E-06 3
n 847.5 805 -23.22103 855 810 -23.22103 3
n 845 805 -23.22103 847.5 810 -23.22103 2
n 835 805 3.814697E-06 837.5 825 1.36252 2
n 832.5 805 1.907349E-06 835 807.5 1.907349E-06 3
n 830 805 0 832.5 837.5 0.6630402 3
n 795 805 0 800 820 5.722046E-06 3
n 850 802.5 -23.22103 852.5 805 -23.22103 3
n 797.5 802.5 0 800 805 0 3
n 830 800 0 837.5 805 1.907349E-06 3
n 800 800 0 830 837.5 2.130842 3
n 852.5 797.5 -23.22103 855 805 -23.22103 3
n 850 797.5 -23.22103 852.5 802.5 -23.22103 2
n 802.5 797.5 0 805 800 0 3
n 845 795 -23.22103 850 805 -23.22103 2
n 805 795 0 810 800 1.907349E-06 3
n 847.5 792.5 -23.22103 850 795 -23.22103 3
n 845 792.5 -23.22103 847.5 795 -23.22103 2
n 807.5 792.5 1.907349E-06 810 795 1.907349E-06 3
n 860 790 -23.22103 880 887.5 -23.22103 3
n 855 790 -23.22103 860 810 -23.22102 3
n 850 790 -23.22103 855 797.5 -23.22103 3
n 902.5 787.5 -23.22103 905 805 -23.22103 3
n 850 787.5 -23.22103 875 790 -23.22102 3
n 845 787.5 -23.22103 850 792.5 -23.22102 3
n 905 785 -23.22103 917.5 820 -23.22102 3
n 900 785 -23.22103 905 787.5 -23.22103 3
n 880 785 -23.22103 887.5 835 -23.22103 3
n 910 782.5 -23.22103 912.5 785 -23.22103 2
n 907.5 782.5 -23.22103 910 785 -23.22103 3
n 907.5 780 -23.22103 910 782.5 -23.22103 2
n 905 780 -23.22103 907.5 785 -23.22103 3
n 875 780 -23.22103 880 790 -23.22103 3
n 857.5 780 -23.22103 875 787.5 -10.23219 2
n 820 780 0 837.5 800 3.814697E-06 3
n 905 777.5 -23.22103 907.5 780 -23.22103 2
n 880 775 -23.22103 905 785 -23.22103 3
n 807.5 775 0 810 785 0 3
n 885 772.5 -23.22103 902.5 775 -23.22103 3
n 885 770 -23.22103 900 772.5 -23.22103 2
n 880 770 -23.22103 885 775 -23.22103 2
n 820 770 -23.22103 880 780 7.629395E-06 3
n 805 770 0 810 775 0 3
n 802.5 770 0 805 772.5 0 3
n 832.5 767.5 1.907349E-06 835 770 1.907349E-06 3
n 800 755 0 810 770 7.629395E-06 3
n 800 752.5 5.722046E-06 802.5 755 5.722046E-06 3
n 810 750 0 820 800 1.907349E-06 3
n 802.5 750 0 810 755 0.3127327 3
n 805 747.5 0.2865582 807.5 750 0.2865582 3
n 807.5 745 0 820 750 5.722046E-06 3
n 810 742.5 0 812.5 745 0 3
n 820 730 0 832.5 770 3.814697E-06 3
n 812.5 730 0 820 745 1.907349E-06 3
n 815 720 -1.907349E-06 825 730 1.907349E-06 3
g 240 720 0 480 960 0 32990
n 342.5 910 0 345 912.5 0 2
n 340 910 0 342.5 915 0 2
n 347.5 905 0 350 907.5 0 2
n 340 905 0 347.5 910 1.907349E-06 2
n 282.5 905 0 300 917.5 7.05719E-05 2
n 247.5 905 23.22103 250 917.5 23.22103 2
n 350 902.5 0 352.5 905 0 2
n 282.5 902.5 5.722046E-06 297.5 905 7.05719E-05 2
n 340 900 0 350 905 1.907349E-06 2
n 320 900 0 340 917.5 0 2
n 355 897.5 1.907349E-06 357.5 900 1.907349E-06 2
n 297.5 897.5 7.629395E-06 300 905 10.00559 2
n 275 897.5 23.22103 277.5 917.5 23.22103 2
n 360 892.5 0 362.5 895 0 2
n 360 890 0 365 892.5 0 2
n 355 890 0 360 897.5 1.907349E-06 2
n 350 890 0 355 902.5 1.907349E-06 2
n 250 890 23.22103 260 917.5 23.22103 2
n 247.5 890 23.22103 250 895 23.22103 2
n 247.5 887.5 23.22103 252.5 890 23.22103 2
n 367.5 885 1.907349E-06 370 887.5 1.907349E-06 2
n 365 885 1.907349E-06 367.5 890 1.907349E-06 2
n 275 885 10.00559 300 897.5 23.22104 2
n 277.5 882.5 10.0056 300 885 23.22104 2
n 372.5 880 0 375 882.5 0 2
n 365 880 0 372.5 885 1.907349E-06 2
n 350 880 0 365 890 1.907349E-06 2
n 320 880 0 350 900 1.907349E-06 2
n 275 880 23.22103 277.5 885 23.22103 2
n 260 880 23.22103 275 917.5 23.22103 2
n 377.5 875 0 380 877.5 0 2
n 370 875 0 377.5 880 0 2
n 380 872.5 0 382.5 875 0 2
n 252.5 872.5 23.22103 255 890 23.22103 2
n 380 870 0 385 872.5 0 2
n 255 870 23.22103 260 890 23.22103 2
n 250 870 23.22103 255 872.5 23.22103 2
n 387.5 865 0 390 867.5 0 2
n 380 865 0 387.5 870 0 2
n 380 860 0 395 865 0 2
n 370 860 0 380 875 0 2
n 387.5 857.5 0 390 860 0 2
n 370 855 0 387.5 860 0 2
n 387.5 842.5 0 392.5 845 1.907349E-06 2
n 282.5 842.5 0 290 877.5 7.05719E-05 2
n 377.5 840 0 380 842.5 0 2
n 370 840 0 377.5 855 1.907349E-06 2
n 320 840 0 370 880 1.907349E-06 2
n 300 840 0 320 917.5 8.092876 2
n 290 840 0 300 877.5 0.0001068115 2
n 260 840 23.22103 277.5 880 23.22103 2
n 392.5 837.5 0 397.5 845 0 3
n 297.5 837.5 0.0001087189 300 840 0.0001087189 2
n 392.5 835 1.907349E-06 400 837.5 9.536743E-06 3
n 385 835 0 392.5 842.5 0.9901085 2
n 300 835 0 305 840 7.247925E-05 2
n 277.5 835 23.22103 285 837.5 23.22103 2
n 265 835 23.22103 277.5 840 23.22103 2
n 305 832.5 0 310 840 7.247925E-05 2
n 260 832.5 23.22103 265 840 23.22104 2
n 385 830 0.3349476 390 835 0.7747078 3
n 380 830 0 385 842.5 3.814697E-06 2
n 310 830 0 320 840 0.0001430511 2
n 287.5 830 23.22103 295 832.5 23.22103 2
n 265 830 23.22103 287.5 835 24.76765 2
n 250 830 23.22103 260 870 24.76764 2
n 247.5 830 23.22103 250 872.5 23.22103 2
n 312.5 827.5 0.0001430511 315 830 0.0001430511 2
n 267.5 827.5 23.22105 272.5 830 26.94676 2
n 315 825 0 320 830 7.05719E-05 2
n 272.5 825 23.22103 295 830 23.22103 2
n 415 822.5 -0.8140717 435 837.5 0.4833393 3
n 317.5 822.5 7.05719E-05 320 825 7.05719E-05 2
n 280 822.5 23.22103 287.5 825 23.22103 2
n 435 820 0 480 837.5 0.8369312 3
n 320 820 0 340 840 7.247925E-05 2
n 435 817.5 0.1005287 437.5 820 0.1005287 3
n 322.5 817.5 7.05719E-05 325 820 7.05719E-05 2
n 287.5 817.5 23.22103 295 825 23.22103 2
n 437.5 815 -0.003902435 455 820 0.7839184 3
n 435 815 -0.4630833 437.5 817.5 -0.4630833 2
n 415 815 -1.202284 420 822.5 0.1252842 2
n 400 815 0 415 837.5 0.4874153 3
n 380 815 0 390 830 2.54195 2
n 325 815 1.907349E-06 330 820 7.247925E-05 2
n 382.5 812.5 0 390 815 0 2
n 435 810 -0.6638203 440 815 1.410639 2
n 420 810 -3.043629 435 822.5 -0.6988335 2
n 400 810 0.1782436 402.5 815 0.3123608 3
n 390 810 0 400 835 1.538809 3
n 330 810 0 340 820 7.05719E-05 2
n 327.5 810 7.247925E-05 330 815 7.247925E-05 2
n 452.5 807.5 0 455 815 1.716614E-05 3
n 450 807.5 1.144409E-05 452.5 815 2.039286 2
n 330 807.5 7.247925E-05 332.5 810 7.247925E-05 2
n 420 805 -3.355564 440 810 2.246504 2
n 402.5 805 -0.7882252 410 815 0.3079872 2
n 390 805 0 402.5 810 1.539551 3
n 455 802.5 0 480 820 1.907349E-06 3
n 427.5 802.5 -3.905891 440 805 0.1694202 2
n 382.5 802.5 0.5508041 385 812.5 0.6239052 3
n 380 802.5 0 382.5 815 0.8795834 2
n 332.5 802.5 7.05719E-05 335 810 7.247925E-05 2
n 455 800 0 480 802.5 1.907349E-06 2
n 450 800 0 455 807.5 2.752026 2
n 440 800 0 450 815 4.200205 2
n 410 800 -2.209187 420 815 -0.6005478 2
n 400 800 0 410 805 0.471487 2
n 390 800 0 397.5 805 0.58922 3
n 385 800 0.08361816 390 812.5 0.7148151 3
n 380 800 0.08361816 385 802.5 0.8669586 3
n 340 800 0 380 840 1.468798 2
n 335 800 0 340 810 7.05719E-05 2
n 335 797.5 7.05719E-05 337.5 800 7.05719E-05 2
n 365 795 0 370 800 0.8950005 2
n 367.5 792.5 1.907349E-06 370 795 1.907349E-06 2
n 337.5 792.5 7.05719E-05 340 800 7.05719E-05 2
n 427.5 790 -5.870302 430 792.5 -5.870302 2
n 420 790 -5.278078 427.5 805 -2.340736 2
n 367.5 790 1.907349E-06 370 792.5 1.907349E-06 3
n 365 790 0 367.5 795 1.907349E-06 2
n 340 790 0 365 800 7.247925E-05 2
n 355 787.5 0 365 790 1.907349E-06 2
n 430 785 -10.11006 432.5 790 -8.186853 2
n 365 785 1.907349E-06 370 790 1.907349E-06 3
n 355 785 0 365 787.5 1.907349E-06 3
n 350 785 0 355 790 1.907349E-06 3
n 345 785 0 350 790 0 2
n 347.5 782.5 0 350 785 0 3
n 345 782.5 0 347.5 785 0 2
n 420 780 -14.16047 430 790 -5.854998 2
n 400 780 -13.24965 420 800 1.907349E-06 2
n 397.5 780 0 400 805 0.2572117 2
n 370 780 0 397.5 800 0.999403 3
n 350 780 0 370 785 1.907349E-06 3
n 345 780 0 350 782.5 1.907349E-06 3
n 340 780 1.907349E-06 345 790 0.0001430511 2
n 342.5 770 0 397.5 780 0.0001430511 3
n 342.5 762.5 0 375 770 0.0001430511 3
n 360 755 0 375 762.5 8.055616 2
n 335 755 23.22103 337.5 775 23.22103 3
n 335 745 1.907349E-06 375 755 23.22103 3
n 335 740 23.22103 337.5 745 23.22103 3
n 320 740 23.22103 335 777.5 24.76765 3
n 317.5 740 23.22103 320 772.5 26.13587 3
n 360 737.5 0 375 745 8.086603 2
n 357.5 732.5 1.907349E-06 360 735 1.907349E-06 3
n 375 730 0 397.5 770 1.907349E-06 3
n 360 730 1.907349E-06 375 737.5 1.907349E-06 3
n 345 730 0 360 732.5 1.907349E-06 3
n 317.5 727.5 23.22103 337.5 740 23.22104 3
n 342.5 725 1.907349E-06 397.5 730 0.0001430511 3
n 377.5 722.5 0 387.5 725 0 3
n 352.5 722.5 0 362.5 725 0 3
